H1,H2,H3,H4,DD1,DD2,DD3,UD1,UD2,UD3,user_id
61,81,78,73,231,3268,203,170,3187,125,1
79,48,55,55,221,1528,197,142,1480,142,1
70,54,81,80,214,808,183,144,754,102,1
47,39,83,66,188,351,189,141,312,106,1
56,64,68,64,156,306,161,100,242,93,1
69,63,84,67,189,279,166,120,216,82,1
61,64,61,72,187,429,172,126,365,111,1
64,55,75,66,165,333,164,101,278,89,1
78,63,54,54,174,376,165,96,313,111,1
74,75,75,65,156,335,159,82,260,84,1
76,74,65,65,193,343,165,117,269,100,1
38,49,65,73,179,268,167,141,219,102,1
66,47,68,74,175,282,168,109,235,100,1
56,80,73,65,166,291,174,110,211,101,1
64,64,39,56,165,310,165,101,246,126,1
40,54,64,63,174,474,167,134,420,103,1
64,63,76,64,166,289,167,102,226,91,1
56,49,74,66,172,292,175,116,243,101,1
39,58,57,57,175,232,158,136,174,101,1
74,59,65,72,165,286,158,91,227,93,1
97,100,48,76,374,349,36619,277,249,36571,2
95,67,56,80,273,261,488,178,194,432,2
80,81,74,116,320,783,271,240,702,197,2
73,79,66,89,267,286,315,194,207,249,2
109,84,82,85,397,530,311,288,446,229,2
83,64,82,84,317,478,478,234,414,396,2
56,87,84,83,274,391,347,218,304,263,2
105,59,81,74,281,207,206,176,148,125,2
100,67,54,26,270,251,210,170,184,156,2
94,66,68,81,276,195,202,182,129,134,2
81,89,83,69,263,204,198,182,115,115,2
95,54,59,49,280,187,197,185,133,138,2
87,54,71,70,1443,206,240,1356,152,169,2
86,72,54,56,264,241,204,178,169,150,2
51,48,59,57,256,212,208,205,164,149,2
62,51,55,83,280,214,204,218,163,149,2
85,61,61,57,257,223,225,172,162,164,2
83,65,84,79,256,221,204,173,156,120,2
112,55,71,48,297,208,235,185,153,164,2
87,60,69,52,258,215,214,171,155,145,2
89,75,57,90,265,285,349,176,210,292,3
91,91,56,90,233,267,216,142,176,160,3
72,94,74,77,112,236,164,40,142,90,3
72,74,57,73,132,201,166,60,127,109,3
72,74,72,72,149,201,150,77,127,78,3
73,76,89,73,132,201,166,59,125,77,3
90,80,73,74,110,223,150,20,143,77,3
72,58,58,73,183,183,133,111,125,75,3
71,78,91,78,128,187,113,57,109,22,3
56,77,91,74,95,187,132,39,110,41,3
90,74,74,91,383,200,533,293,126,459,3
91,73,76,77,150,197,183,59,124,107,3
72,69,72,75,169,181,149,97,112,77,3
89,61,91,75,128,187,150,39,126,59,3
94,45,72,75,110,172,114,16,127,42,3
72,59,90,96,113,187,111,41,128,21,3
72,55,91,77,133,183,130,61,128,39,3
70,63,57,78,110,189,96,40,126,39,3
57,78,105,78,96,172,128,39,94,23,3
90,79,74,73,109,190,166,19,111,92,3
70,80,82,96,368,195,753,298,115,671,4
95,105,78,70,416,199,268,321,94,190,4
66,100,90,91,232,175,245,166,75,155,4
85,67,83,76,384,166,284,299,99,201,4
88,85,73,97,512,196,264,424,111,191,4
89,98,55,71,334,216,263,245,118,208,4
75,66,86,92,287,265,431,212,199,345,4
85,89,87,79,265,164,239,180,75,152,4
69,74,83,59,208,138,221,139,64,138,4
80,90,83,57,244,186,256,164,96,173,4
99,95,99,85,236,183,247,137,88,148,4
92,95,91,79,241,174,252,149,79,161,4
92,100,92,90,235,189,243,143,89,151,4
88,102,91,98,248,205,319,160,103,228,4
112,97,100,78,811,185,319,699,88,219,4
97,87,96,88,282,181,613,185,94,517,4
92,113,115,82,285,181,320,193,68,205,4
101,91,100,96,275,193,984,174,102,884,4
86,104,93,77,279,200,314,193,96,221,4
98,86,69,78,307,208,269,209,122,200,4
110,104,124,136,700,1029,1226,590,925,1102,5
137,94,129,86,551,390,567,414,296,438,5
124,100,156,123,293,358,425,169,258,269,5
137,110,148,121,1033,3050,274,896,2940,126,5
129,118,137,113,351,405,391,222,287,254,5
140,122,144,129,351,401,349,211,279,205,5
119,129,149,133,366,471,319,247,342,170,5
139,137,113,107,308,507,314,169,370,201,5
154,113,130,132,473,374,348,319,261,218,5
121,95,110,131,401,1615,294,280,1520,184,5
123,103,148,105,383,357,394,260,254,246,5
128,101,137,138,434,580,289,306,479,152,5
146,96,135,115,474,1332,283,328,1236,148,5
119,98,128,115,304,677,313,185,579,185,5
156,118,113,100,309,499,304,153,381,191,5
120,93,154,132,344,288,366,224,195,212,5
110,117,139,115,286,335,299,176,218,160,5
139,116,136,112,271,386,332,132,270,196,5
114,116,129,116,348,393,339,234,277,210,5
178,87,107,119,615,445,343,437,358,236,5
88,83,109,118,312,260,632,224,177,523,6
78,77,123,111,318,241,738,240,164,615,6
81,82,93,106,248,164,285,167,82,192,6
82,96,97,106,320,308,601,238,212,504,6
73,98,86,84,195,212,282,122,114,196,6
85,79,81,82,250,262,289,165,183,208,6
77,75,76,93,218,147,223,141,72,147,6
98,98,102,102,200,183,677,102,85,575,6
58,77,86,102,225,198,560,167,121,474,6
80,107,80,94,571,274,580,491,167,500,6
96,86,62,92,199,281,327,103,195,265,6
73,96,58,110,140,207,485,67,111,427,6
107,90,58,81,179,178,213,72,88,155,6
72,91,85,90,194,225,205,122,134,120,6
75,103,85,86,176,366,280,101,263,195,6
85,112,76,98,154,213,241,69,101,165,6
90,63,90,99,200,179,209,110,116,119,6
81,108,89,120,223,241,400,142,133,311,6
89,95,96,66,219,228,302,130,133,206,6
103,87,85,90,209,198,1424,106,111,1339,6
71,147,71,95,339,1377,596,268,1230,525,7
125,117,107,91,345,485,479,220,368,372,7
126,94,98,81,1017,476,529,891,382,431,7
104,95,111,90,316,318,442,212,223,331,7
71,130,73,102,527,738,907,456,608,834,7
102,122,98,89,694,593,754,592,471,656,7
61,98,122,84,146,316,841,85,218,719,7
72,90,98,99,256,332,306,184,242,208,7
46,57,62,87,484,302,249,438,245,187,7
89,82,100,90,461,250,199,372,168,99,7
79,137,105,81,762,281,554,683,144,449,7
73,96,101,114,177,346,839,104,250,738,7
72,56,81,87,346,308,268,274,252,187,7
73,114,96,97,259,309,200,186,195,104,7
63,91,81,72,189,267,167,126,176,86,7
93,89,101,64,180,271,170,87,182,69,7
69,116,105,68,867,349,808,798,233,703,7
71,102,108,82,681,295,413,610,193,305,7
92,52,73,82,844,797,174,752,745,101,7
78,108,101,95,194,877,296,116,769,195,7
107,86,86,76,276,932,346,169,846,260,8
93,74,104,73,209,775,335,116,701,231,8
76,53,90,80,160,213,460,84,160,370,8
73,83,101,80,164,331,290,91,248,189,8
82,62,64,75,124,433,266,42,371,202,8
71,78,75,62,213,869,245,142,791,170,8
67,81,76,76,401,736,256,334,655,180,8
61,81,76,74,206,318,495,145,237,419,8
74,68,79,65,217,399,266,143,331,187,8
104,94,122,70,364,559,229,260,465,107,8
74,77,91,88,434,686,814,360,609,723,8
64,84,141,60,328,623,287,264,539,146,8
84,81,83,65,202,300,246,118,219,163,8
95,79,104,71,184,258,227,89,179,123,8
68,82,112,61,254,209,216,186,127,104,8
130,85,89,62,200,726,178,70,641,89,8
84,80,104,82,201,933,196,117,853,92,8
104,84,80,81,166,317,398,62,233,318,8
110,94,105,61,174,262,317,64,168,212,8
80,81,77,80,240,499,177,160,418,100,8
60,72,89,47,245,133,309,185,61,220,9
62,79,63,71,315,141,560,253,62,497,9
70,79,80,80,223,150,492,153,71,412,9
54,76,63,71,201,172,501,147,96,438,9
90,96,72,81,225,191,375,135,95,303,9
71,80,97,85,206,367,729,135,287,632,9
87,78,86,71,199,151,774,112,73,688,9
77,88,89,113,255,157,995,178,69,906,9
95,146,116,105,684,155,561,589,9,445,9
122,166,123,131,681,326,476,559,160,353,9
88,123,115,79,524,208,435,436,85,320,9
96,78,81,46,726,105,293,630,27,212,9
79,62,63,72,258,190,292,179,128,229,9
97,117,75,64,709,148,260,612,31,185,9
77,119,149,81,568,279,383,491,160,234,9
96,80,55,96,659,132,292,563,52,237,9
88,125,109,104,598,149,745,510,24,636,9
79,146,89,63,809,280,309,730,134,220,9
29,72,47,62,355,108,410,326,36,363,9
60,88,80,79,555,115,318,495,27,238,9
85,73,92,112,1003,968,521,918,895,429,10
102,69,121,87,707,638,1640,605,569,1519,10
108,97,128,120,919,1361,430,811,1264,302,10
101,81,100,90,417,672,598,316,591,498,10
98,92,118,51,922,966,1157,824,874,1039,10
87,89,123,110,565,689,316,478,600,193,10
69,54,72,88,299,371,573,230,317,501,10
72,93,81,60,276,355,220,204,262,139,10
71,91,83,62,310,424,370,239,333,287,10
110,81,98,79,793,968,361,683,887,263,10
70,75,99,65,318,386,312,248,311,213,10
61,101,91,85,293,367,280,232,266,189,10
72,105,103,94,273,369,275,201,264,172,10
79,74,81,99,309,384,227,230,310,146,10
81,72,82,76,347,337,269,266,265,187,10
72,65,92,78,336,390,249,264,325,157,10
71,63,92,92,292,354,220,221,291,128,10
70,63,70,83,301,323,207,231,260,137,10
60,65,79,89,315,345,214,255,280,135,10
72,83,72,102,272,358,183,200,275,111,10
53,55,70,71,136,1578,212,83,1523,142,11
81,64,72,40,180,453,206,99,389,134,11
63,65,63,39,137,504,146,74,439,83,11
97,45,64,62,182,327,197,85,282,133,11
70,54,78,62,121,756,253,51,702,175,11
38,79,72,55,270,311,205,232,232,133,11
69,80,64,63,819,561,139,750,481,75,11
18,47,80,63,764,379,147,746,332,67,11
105,80,96,55,493,396,137,388,316,41,11
70,63,72,55,617,511,173,547,448,101,11
76,56,63,45,325,297,180,249,241,117,11
68,73,63,56,316,339,163,248,266,100,11
72,74,62,47,295,297,154,223,223,92,11
112,71,78,77,252,1615,678,140,1544,600,11
71,63,76,64,337,297,111,266,234,35,11
79,64,55,64,344,329,88,265,265,33,11
71,80,64,63,154,354,89,83,274,25,11
78,80,72,63,195,312,197,117,232,125,11
77,72,87,70,210,504,420,133,432,333,11
94,80,78,80,187,346,145,93,266,67,11
110,111,103,108,368,586,322,258,475,219,12
87,104,89,83,215,695,196,128,591,107,12
94,88,105,78,236,276,222,142,188,117,12
92,95,86,71,226,334,212,134,239,126,12
115,75,84,68,250,232,215,135,157,131,12
67,86,97,77,186,247,200,119,161,103,12
84,93,95,69,197,221,205,113,128,110,12
73,74,69,73,204,263,201,131,189,132,12
75,85,95,93,203,233,215,128,148,120,12
86,96,89,89,188,221,198,102,125,109,12
65,95,85,80,212,231,193,147,136,108,12
75,84,96,78,186,222,205,111,138,109,12
82,89,101,86,187,267,198,105,178,97,12
89,90,94,98,181,225,195,92,135,101,12
79,76,85,77,189,223,196,110,147,111,12
70,76,87,80,175,194,188,105,118,101,12
80,80,78,94,182,197,174,102,117,96,12
63,78,84,81,172,199,193,109,121,109,12
72,89,80,95,163,198,173,91,109,93,12
70,91,85,80,186,211,186,116,120,101,12
72,107,51,107,683,626,1726,611,519,1675,13
55,71,108,86,1165,1121,1402,1110,1050,1294,13
77,81,90,74,830,658,760,753,577,670,13
51,47,59,64,173,307,1561,122,260,1502,13
82,64,65,66,951,659,461,869,595,396,13
91,81,82,87,464,494,696,373,413,614,13
59,67,87,59,438,337,348,379,270,261,13
59,82,41,33,439,312,362,380,230,321,13
53,39,69,50,427,399,777,374,360,708,13
86,74,63,75,401,283,499,315,209,436,13
62,85,101,58,340,439,438,278,354,337,13
62,95,72,52,382,312,357,320,217,285,13
81,74,49,78,229,247,296,148,173,247,13
87,83,40,59,260,272,272,173,189,232,13
68,60,47,52,264,259,295,196,199,248,13
82,101,117,81,239,171,266,157,70,149,13
91,65,48,59,496,279,370,405,214,322,13
47,65,86,58,445,320,307,398,255,221,13
54,72,47,47,396,1922,371,342,1850,324,13
42,83,101,92,289,238,322,247,155,221,13
42,202,82,56,190,1225,156,148,1023,74,14
55,65,62,66,129,252,91,74,187,29,14
73,74,39,58,143,322,184,70,248,145,14
57,67,56,57,138,351,119,81,284,63,14
39,58,58,56,134,429,112,95,371,54,14
48,57,73,56,102,262,110,54,205,37,14
56,57,81,48,119,238,127,63,181,46,14
49,74,48,58,98,266,110,49,192,62,14
56,57,81,66,118,229,109,62,172,28,14
63,66,65,58,102,460,118,39,394,53,14
64,73,66,65,127,285,129,63,212,63,14
56,57,73,66,110,311,128,54,254,55,14
65,73,64,57,127,654,94,62,581,30,14
57,90,73,65,104,909,129,47,819,56,14
55,66,48,66,134,712,94,79,646,46,14
65,65,73,49,119,270,110,54,205,37,14
65,74,65,66,127,278,119,62,204,54,14
70,65,65,65,108,311,118,38,246,53,14
49,40,55,65,122,730,93,73,690,38,14
46,74,81,81,118,306,103,72,232,22,14
106,118,80,103,157,462,205,51,344,125,15
102,88,100,88,162,1171,166,60,1083,66,15
64,80,93,102,138,402,139,74,322,46,15
96,73,79,102,133,491,132,37,418,53,15
109,89,94,97,161,549,131,52,460,37,15
109,73,87,96,183,476,131,74,403,44,15
104,92,80,111,143,400,146,39,308,66,15
120,94,87,108,150,438,162,30,344,75,15
95,95,87,117,104,359,169,9,264,82,15
103,85,86,96,128,401,153,25,316,67,15
88,79,87,96,129,459,146,41,380,59,15
88,75,79,118,104,1153,139,16,1078,60,15
104,102,95,87,128,460,155,24,358,60,15
95,74,86,87,133,433,161,38,359,75,15
105,93,86,102,129,636,145,24,543,59,15
103,94,87,94,127,621,169,24,527,82,15
120,91,87,101,138,391,133,18,300,46,15
88,93,80,105,157,1043,146,69,950,66,15
87,87,89,103,104,343,132,17,256,43,15
87,87,80,109,112,395,161,25,308,81,15
128,102,62,104,273,1176,1424,145,1074,1362,16
60,82,100,87,294,358,340,234,276,240,16
98,122,124,84,285,265,317,187,143,193,16
116,103,113,81,261,300,700,145,197,587,16
142,115,126,96,698,418,849,556,303,723,16
126,152,178,142,348,358,717,222,206,539,16
113,114,138,130,247,303,419,134,189,281,16
138,136,125,122,276,306,516,138,170,391,16
99,90,162,113,269,268,460,170,178,298,16
133,127,109,94,446,461,410,313,334,301,16
64,106,95,90,181,183,301,117,77,206,16
82,83,85,82,191,153,407,109,70,322,16
84,67,93,74,192,194,354,108,127,261,16
84,67,95,72,210,144,282,126,77,187,16
90,84,77,98,225,182,404,135,98,327,16
69,91,94,94,208,150,192,139,59,98,16
79,111,94,74,267,197,348,188,86,254,16
125,82,92,66,262,155,220,137,73,128,16
104,98,84,113,201,222,192,97,124,108,16
10,105,76,76,115,211,173,105,106,97,16
61,40,27,52,415,1532,1806,354,1492,1779,17
59,81,40,56,317,534,404,258,453,364,17
48,48,40,80,329,535,323,281,487,283,17
55,56,76,65,369,713,406,314,657,330,17
54,64,56,64,279,654,525,225,590,469,17
82,43,48,48,757,439,329,675,396,281,17
71,72,31,56,321,289,273,250,217,242,17
56,65,46,65,297,471,475,241,406,429,17
85,64,65,56,383,305,413,298,241,348,17
85,56,81,54,539,298,680,454,242,599,17
83,72,64,56,373,315,372,290,243,308,17
64,77,48,65,984,449,502,920,372,454,17
72,53,64,34,711,425,614,639,372,550,17
81,65,48,55,469,395,379,388,330,331,17
87,57,64,63,402,495,653,315,438,589,17
56,57,68,57,411,761,432,355,704,364,17
71,66,64,73,351,309,471,280,243,407,17
72,65,90,72,386,267,308,314,202,218,17
60,120,73,73,230,336,529,170,216,456,17
73,80,71,73,256,266,330,183,186,259,17
57,94,76,61,293,373,1136,236,279,1060,18
113,101,88,80,417,427,958,304,326,870,18
75,82,84,90,366,290,349,291,208,265,18
94,85,114,91,419,304,472,325,219,358,18
95,106,92,98,320,283,380,225,177,288,18
92,101,100,87,427,263,362,335,162,262,18
113,112,92,127,306,354,367,193,242,275,18
129,139,139,100,328,330,339,199,191,200,18
108,119,120,93,248,296,366,140,177,246,18
100,107,119,86,323,335,401,223,228,282,18
97,113,122,106,346,351,552,249,238,430,18
95,112,119,100,366,329,835,271,217,716,18
107,114,109,89,312,297,339,205,183,230,18
106,130,110,137,323,322,428,217,192,318,18
120,98,108,94,359,346,553,239,248,445,18
90,122,71,102,263,310,318,173,188,247,18
106,119,88,96,264,328,332,158,209,244,18
121,138,98,104,330,384,431,209,246,333,18
106,116,119,113,307,277,357,201,161,238,18
145,132,112,38,339,315,374,194,183,262,18
57,59,55,59,784,257,280,727,198,225,19
84,61,55,53,207,259,220,123,198,165,19
103,60,74,68,306,346,273,203,286,199,19
80,79,60,59,214,275,260,134,196,200,19
75,65,55,61,198,249,312,123,184,257,19
83,58,56,62,216,256,263,133,198,207,19
70,94,43,42,649,302,238,579,208,195,19
87,63,56,52,286,281,265,199,218,209,19
81,62,64,51,354,258,263,273,196,199,19
113,66,55,60,282,272,261,169,206,206,19
91,53,52,63,308,276,274,217,223,222,19
98,50,57,65,382,279,275,284,229,218,19
73,53,54,54,339,251,250,266,198,196,19
88,60,52,49,262,249,272,174,189,220,19
73,67,52,61,248,266,242,175,199,190,19
106,61,55,43,354,282,280,248,221,225,19
53,69,60,69,235,261,258,182,192,198,19
69,55,48,65,315,265,278,246,210,230,19
87,48,52,53,274,264,300,187,216,248,19
61,50,53,49,236,257,306,175,207,253,19
61,62,40,83,4116,2137,286,4055,2075,246,20
83,98,108,98,210,1221,594,127,1123,486,20
98,80,51,70,275,374,214,177,294,163,20
90,69,72,79,152,1546,251,62,1477,179,20
88,109,89,82,130,355,265,42,246,176,20
81,82,48,66,123,553,166,42,471,118,20
73,74,30,45,201,520,203,128,446,173,20
88,82,65,83,198,537,150,110,455,85,20
88,91,64,80,148,253,176,60,162,112,20
66,57,72,79,159,387,192,93,330,120,20
56,108,66,64,114,284,186,58,176,120,20
88,98,73,90,156,703,234,68,605,161,20
79,105,47,80,173,587,175,94,482,128,20
82,72,71,78,152,385,202,70,313,131,20
79,74,65,82,416,837,192,337,763,127,20
64,57,90,73,216,259,511,152,202,421,20
99,66,68,91,114,620,167,15,554,99,20
83,69,78,87,132,565,225,49,496,147,20
73,55,66,79,144,601,168,71,546,102,20
72,64,49,64,151,652,353,79,588,304,20
70,112,101,118,721,648,9174,651,536,9073,21
141,88,68,98,1109,718,893,968,630,825,21
109,91,108,101,1317,641,830,1208,550,722,21
99,105,77,110,604,712,488,505,607,411,21
120,89,58,90,473,1005,433,353,916,375,21
107,99,87,98,830,1048,502,723,949,415,21
111,85,69,103,538,417,526,427,332,457,21
98,90,81,74,576,501,357,478,411,276,21
130,90,69,89,380,389,329,250,299,260,21
120,110,38,69,964,555,350,844,445,312,21
119,78,78,68,544,1087,1108,425,1009,1030,21
100,69,59,65,1183,452,453,1083,383,394,21
120,70,58,87,393,430,729,273,360,671,21
113,58,50,79,402,371,347,289,313,297,21
110,58,80,80,452,339,386,342,281,306,21
120,88,46,88,402,394,756,282,306,710,21
106,78,81,81,718,376,937,612,298,856,21
130,79,68,90,739,362,654,609,283,586,21
111,71,81,59,433,305,371,322,234,290,21
103,71,92,87,543,360,630,440,289,538,21
106,85,91,103,222,444,858,116,359,767,22
67,64,81,102,233,1463,269,166,1399,188,22
62,56,78,87,237,1336,217,175,1280,139,22
82,64,110,89,220,508,270,138,444,160,22
91,93,106,85,209,1111,219,118,1018,113,22
54,56,82,72,201,315,327,147,259,245,22
72,93,73,82,183,488,231,111,395,158,22
61,72,83,66,208,468,238,147,396,155,22
59,65,89,67,244,1030,218,185,965,129,22
33,42,85,83,210,322,393,177,280,308,22
87,82,84,85,199,286,306,112,204,222,22
65,86,74,89,192,269,413,127,183,339,22
87,93,96,65,196,402,336,109,309,240,22
74,84,93,76,209,421,287,135,337,194,22
84,104,84,39,181,662,238,97,558,154,22
93,71,98,82,213,363,318,120,292,220,22
56,56,52,46,201,370,302,145,314,250,22
45,8,53,35,200,293,275,155,285,222,22
84,82,96,103,203,344,296,119,262,200,22
82,74,92,55,194,660,230,112,586,138,22
72,73,76,74,459,644,384,387,571,308,23
82,82,56,66,319,184,193,237,102,137,23
58,62,45,64,270,143,308,212,81,263,23
65,98,50,65,143,485,645,78,387,595,23
75,65,67,65,245,451,151,170,386,84,23
84,92,92,65,236,228,208,152,136,116,23
66,73,56,50,219,134,334,153,61,278,23
60,69,57,61,232,146,247,172,77,190,23
78,79,80,63,258,510,225,180,431,145,23
80,82,47,70,259,361,236,179,279,189,23
48,41,74,72,458,194,337,410,153,263,23
71,67,68,66,283,149,252,212,82,184,23
66,82,73,57,251,178,401,185,96,328,23
65,91,74,74,293,292,228,228,201,154,23
76,55,56,71,329,493,227,253,438,171,23
57,75,73,73,261,210,275,204,135,202,23
90,82,66,66,234,193,159,144,111,93,23
64,74,73,66,240,469,193,176,395,120,23
91,78,71,63,322,623,230,231,545,159,23
64,69,66,69,246,247,272,182,178,206,23
72,89,74,74,306,241,332,234,152,258,24
80,72,88,55,200,175,333,120,103,245,24
63,70,63,56,200,190,232,137,120,169,24
81,72,72,71,208,183,225,127,111,153,24
64,79,70,63,201,200,789,137,121,719,24
72,79,72,71,225,199,292,153,120,220,24
63,84,79,80,241,201,265,178,117,186,24
64,71,71,79,217,199,267,153,128,196,24
64,88,71,73,201,233,272,137,145,201,24
73,79,89,81,218,191,265,145,112,176,24
80,72,71,49,233,200,239,153,128,168,24
87,54,64,65,232,174,241,145,120,177,24
81,79,63,71,242,233,682,161,154,619,24
55,64,71,55,199,192,358,144,128,287,24
80,64,47,63,226,190,276,146,126,229,24
73,65,73,62,250,199,551,177,134,478,24
79,50,72,74,256,209,407,177,159,335,24
81,97,79,80,217,217,382,136,120,303,24
73,63,63,82,233,200,331,160,137,268,24
79,72,64,55,225,224,283,146,152,219,24
132,94,87,78,495,746,2052,363,652,1965,25
82,64,56,52,521,779,923,439,715,867,25
66,67,48,40,569,3136,817,503,3069,769,25
85,51,72,50,998,799,1061,913,748,989,25
70,72,50,27,401,749,720,331,677,670,25
62,74,67,33,391,1093,706,329,1019,639,25
58,49,25,47,360,995,624,302,946,599,25
58,63,27,56,346,550,663,288,487,636,25
40,58,60,59,401,584,638,361,526,578,25
51,69,59,56,350,495,641,299,426,582,25
72,78,33,40,338,857,572,266,779,539,25
81,77,57,37,397,597,583,316,520,526,25
59,98,53,42,320,480,497,261,382,444,25
64,84,69,53,331,443,627,267,359,558,25
39,62,52,56,347,446,515,308,384,463,25
66,62,51,49,356,488,539,290,426,488,25
58,73,63,50,320,370,481,262,297,418,25
66,63,43,32,330,575,577,264,512,534,25
52,77,50,56,244,588,503,192,511,453,25
46,60,76,52,255,353,794,209,293,718,25
37,50,57,70,344,519,964,307,469,907,26
55,61,22,44,228,223,228,173,162,206,26
69,45,46,52,218,182,236,149,137,190,26
76,58,62,64,218,196,242,142,138,180,26
53,63,55,54,199,191,228,146,128,173,26
56,50,71,74,208,208,274,152,158,203,26
68,78,52,84,181,202,227,113,124,175,26
59,60,60,72,215,202,218,156,142,158,26
69,54,41,57,235,204,242,166,150,201,26
69,77,69,57,193,200,229,124,123,160,26
76,86,50,64,182,203,213,106,117,163,26
59,65,53,72,173,192,192,114,127,139,26
55,66,54,74,175,169,200,120,103,146,26
57,52,63,65,173,164,207,116,112,144,26
72,79,62,73,184,194,207,112,115,145,26
56,72,62,48,172,179,210,116,107,148,26
36,77,73,60,151,181,237,115,104,164,26
67,69,59,48,183,204,211,116,135,152,26
62,78,79,61,177,195,205,115,117,126,26
62,71,113,52,161,188,200,99,117,87,26
83,105,84,106,563,467,687,480,362,603,27
88,90,86,119,389,268,392,301,178,306,27
65,98,72,118,441,267,370,376,169,298,27
68,87,106,78,312,266,577,244,179,471,27
94,96,87,105,282,266,291,188,170,204,27
85,70,89,105,282,241,291,197,171,202,27
74,87,88,105,254,250,299,180,163,211,27
97,104,96,121,290,236,306,193,132,210,27
95,98,96,122,265,241,318,170,143,222,27
87,71,110,120,311,322,609,224,251,499,27
106,100,77,107,317,294,495,211,194,418,27
95,88,93,105,299,255,321,204,167,228,27
89,70,87,127,359,250,426,270,180,339,27
84,90,79,115,305,266,299,221,176,220,27
89,89,90,106,301,231,316,212,142,226,27
79,96,90,130,309,258,391,230,162,301,27
96,99,53,122,290,736,341,194,637,288,27
94,81,84,114,324,268,367,230,187,283,27
103,122,89,130,365,289,317,262,167,228,27
97,107,86,123,393,258,339,296,151,253,27
98,78,105,101,109,781,494,11,703,389,28
60,89,105,96,119,194,298,59,105,193,28
60,82,114,107,163,370,304,103,288,190,28
75,73,105,87,152,142,298,77,69,193,28
68,82,87,122,152,285,778,84,203,691,28
60,90,90,98,120,176,297,60,86,207,28
84,73,98,107,107,194,455,23,121,357,28
76,107,79,105,277,420,256,201,313,177,28
71,71,117,106,243,156,282,172,85,165,28
69,107,110,89,226,148,307,157,41,197,28
58,78,98,105,243,129,272,185,51,174,28
76,90,106,106,259,106,262,183,16,156,28
61,72,115,104,252,149,291,191,77,176,28
75,90,115,126,258,184,304,183,94,189,28
86,88,115,96,261,192,298,175,104,183,28
103,107,87,114,320,588,245,217,481,158,28
60,71,70,104,235,428,247,175,357,177,28
70,104,107,86,246,295,294,176,191,187,28
47,80,87,105,221,195,243,174,115,156,28
67,90,100,86,224,165,292,157,75,192,28
53,87,80,78,333,509,248,280,422,168,29
75,56,67,73,281,1099,201,206,1043,134,29
88,61,79,81,469,878,171,381,817,92,29
61,86,96,85,310,427,314,249,341,218,29
78,87,75,71,294,502,189,216,415,114,29
84,98,96,95,217,363,181,133,265,85,29
74,94,87,87,242,624,212,168,530,125,29
71,87,71,80,329,303,164,258,216,93,29
88,79,70,79,197,304,164,109,225,94,29
87,80,89,73,196,236,188,109,156,99,29
77,86,84,72,197,248,169,120,162,85,29
76,95,81,64,309,278,173,233,183,92,29
84,71,80,64,203,221,165,119,150,85,29
60,71,61,81,194,403,154,134,332,93,29
68,88,79,85,168,610,171,100,522,92,29
87,73,87,75,207,985,188,120,912,101,29
75,83,91,71,200,527,190,125,444,99,29
71,97,67,81,172,293,159,101,196,92,29
76,68,87,73,304,564,190,228,496,103,29
79,88,81,62,284,661,195,205,573,114,29
99,105,94,93,602,540,981,503,435,887,30
73,84,66,92,757,462,822,684,378,756,30
76,113,78,92,450,422,1741,374,309,1663,30
63,80,70,95,516,389,1335,453,309,1265,30
68,74,69,91,490,318,860,422,244,791,30
70,66,66,82,638,339,1311,568,273,1245,30
72,71,69,83,462,457,1221,390,386,1152,30
74,74,63,89,518,539,1078,444,465,1015,30
80,82,65,75,500,512,831,420,430,766,30
65,83,76,65,459,403,629,394,320,553,30
71,80,63,81,477,314,563,406,234,500,30
73,84,69,66,451,344,910,378,260,841,30
61,78,63,75,462,357,1268,401,279,1205,30
64,82,69,90,419,318,901,355,236,832,30
68,84,69,74,486,345,958,418,261,889,30
65,80,65,74,446,287,783,381,207,718,30
62,64,63,82,632,291,1074,570,227,1011,30
74,91,66,90,709,321,685,635,230,619,30
67,84,76,90,676,303,712,609,219,636,30
81,85,83,100,359,290,661,278,205,578,30
81,133,114,144,973,497,677,892,364,563,31
129,128,119,101,1274,468,351,1145,340,232,31
102,145,117,79,351,526,1404,249,381,1287,31
120,114,95,81,289,700,254,169,586,159,31
103,116,83,85,352,376,253,249,260,170,31
120,110,111,121,300,439,350,180,329,239,31
90,110,104,99,282,235,321,192,125,217,31
94,131,116,92,391,502,291,297,371,175,31
91,107,105,88,256,463,312,165,356,207,31
107,146,122,112,343,341,301,236,195,179,31
98,108,102,108,343,394,265,245,286,163,31
111,117,109,118,300,286,267,189,169,158,31
97,102,128,101,306,398,297,209,296,169,31
85,114,121,104,217,202,265,132,88,144,31
100,135,103,96,273,225,256,173,90,153,31
102,113,106,122,218,221,264,116,108,158,31
106,115,107,112,251,257,249,145,142,142,31
82,100,105,92,230,197,256,148,97,151,31
103,140,108,103,345,377,255,242,237,147,31
112,113,111,112,280,227,258,168,114,147,31
60,33,88,80,542,602,474,482,569,386,32
69,65,61,49,243,617,205,174,552,144,32
82,64,41,56,223,853,179,141,789,138,32
72,57,74,58,200,879,175,128,822,101,32
55,44,71,90,163,489,167,108,445,96,32
73,55,63,84,181,349,158,108,294,95,32
44,59,51,67,165,404,159,121,345,108,32
64,87,55,64,199,1308,184,135,1221,129,32
66,53,69,80,523,1323,171,457,1270,102,32
71,72,46,44,298,513,202,227,441,156,32
79,47,75,79,241,356,169,162,309,94,32
64,71,34,73,306,534,153,242,463,119,32
93,54,54,66,237,669,158,144,615,104,32
65,78,44,55,220,705,172,155,627,128,32
76,54,62,74,195,353,145,119,299,83,32
67,33,80,66,194,218,183,127,185,103,32
57,61,46,97,183,288,153,126,227,107,32
93,56,57,52,197,209,445,104,153,388,32
52,51,71,93,181,197,153,129,146,82,32
44,69,65,95,150,188,157,106,119,92,32
61,48,65,58,1259,683,1948,1198,635,1883,33
67,55,67,69,740,347,466,673,292,399,33
17,57,67,81,740,257,243,723,200,176,33
57,51,73,75,289,1082,1263,232,1031,1190,33
75,34,66,74,673,817,373,598,783,307,33
73,56,75,66,850,715,1173,777,659,1098,33
72,50,73,66,406,717,1721,334,667,1648,33
83,56,77,58,1281,481,992,1198,425,915,33
25,48,65,48,549,383,292,524,335,227,33
65,57,50,82,398,390,351,333,333,301,33
64,56,67,58,665,307,315,601,251,248,33
59,50,65,66,399,333,249,340,283,184,33
57,58,58,84,247,409,307,190,351,249,33
66,18,64,73,816,359,332,750,341,268,33
74,34,76,59,366,248,358,292,214,282,33
68,73,50,68,1043,1087,266,975,1014,216,33
74,49,67,69,499,592,448,425,543,381,33
49,65,73,74,290,974,232,241,909,159,33
75,64,55,75,749,2120,232,674,2056,177,33
67,42,75,41,324,690,307,257,648,232,33
106,93,87,85,497,978,926,391,885,839,34
53,76,34,58,363,624,485,310,548,451,34
58,42,35,51,308,735,393,250,693,358,34
86,80,63,77,288,862,383,202,782,320,34
61,62,49,65,253,642,411,192,580,362,34
59,28,72,85,693,404,481,634,376,409,34
34,63,71,76,198,418,438,164,355,367,34
53,69,25,53,293,376,558,240,307,533,34
79,83,73,49,397,452,1038,318,369,965,34
68,66,51,44,664,258,433,596,192,382,34
52,79,52,48,274,316,430,222,237,378,34
63,81,54,55,378,316,352,315,235,298,34
57,73,52,43,204,408,728,147,335,676,34
82,64,58,49,299,423,382,217,359,324,34
79,57,104,72,289,583,737,210,526,633,34
43,43,70,34,560,282,589,517,239,519,34
82,41,22,56,652,450,501,570,409,479,34
44,32,20,61,370,306,1039,326,274,1019,34
34,59,76,30,435,299,623,401,240,547,34
44,80,48,55,413,425,488,369,345,440,34
19,55,117,75,885,472,899,866,417,782,35
71,54,67,56,261,231,1166,190,177,1099,35
73,67,63,58,227,183,175,154,116,112,35
49,68,83,66,197,176,600,148,108,517,35
48,73,89,60,250,193,707,202,120,618,35
76,57,47,48,227,158,150,151,101,103,35
70,48,58,40,241,157,159,171,109,101,35
40,39,59,56,234,158,159,194,119,100,35
69,48,82,60,250,142,157,181,94,75,35
90,67,73,106,308,184,442,218,117,369,35
74,74,71,57,385,350,400,311,276,329,35
85,80,65,56,203,189,209,118,109,144,35
60,47,58,47,218,174,176,158,127,118,35
73,68,59,67,249,176,550,176,108,491,35
73,39,91,59,291,192,649,218,153,558,35
59,59,43,77,316,183,581,257,124,538,35
92,82,70,39,317,333,309,225,251,239,35
92,80,93,72,242,212,247,150,132,154,35
56,40,67,64,241,181,212,185,141,145,35
88,28,52,40,252,153,345,164,125,293,35
59,59,40,62,151,194,209,92,135,169,36
44,47,74,78,182,209,244,138,162,170,36
54,55,56,96,140,175,194,86,120,138,36
32,29,61,70,160,184,192,128,155,131,36
47,62,63,71,144,168,183,97,106,120,36
89,39,49,48,174,174,255,85,135,206,36
61,47,97,98,1069,729,874,1008,682,777,36
71,53,62,57,176,192,601,105,139,539,36
36,56,71,47,149,176,367,113,120,296,36
33,72,36,67,143,220,345,110,148,309,36
65,38,56,57,178,175,324,113,137,268,36
57,46,58,58,154,180,301,97,134,243,36
100,66,58,75,184,192,301,84,126,243,36
57,67,66,56,167,184,303,110,117,237,36
74,49,66,82,167,159,326,93,110,260,36
76,59,64,50,167,162,282,91,103,218,36
43,58,49,66,145,184,283,102,126,234,36
49,83,40,57,143,226,317,94,143,277,36
40,83,49,83,116,218,276,76,135,227,36
50,74,66,73,160,193,317,110,119,251,36
74,82,84,58,270,364,412,196,282,328,37
77,82,89,105,334,478,390,257,396,301,37
81,82,74,88,252,465,1190,171,383,1116,37
91,92,81,103,253,338,339,162,246,258,37
56,74,90,114,120,236,231,64,162,141,37
55,89,79,81,164,594,274,109,505,195,37
55,71,66,80,208,501,366,153,430,300,37
66,84,93,103,291,431,310,225,347,217,37
88,82,60,94,263,461,280,175,379,220,37
59,84,83,103,264,466,303,205,382,220,37
109,102,56,76,252,572,510,143,470,454,37
65,93,86,105,282,513,365,217,420,279,37
68,81,82,103,336,457,316,268,376,234,37
47,61,92,89,304,361,286,257,300,194,37
101,72,86,91,250,402,307,149,330,221,37
91,93,58,103,305,563,325,214,470,267,37
66,98,78,91,291,606,303,225,508,225,37
67,93,93,91,260,318,265,193,225,172,37
89,79,83,91,232,305,277,143,226,194,37
105,82,72,95,252,297,263,147,215,191,37
47,65,87,95,536,798,3302,489,733,3215,38
55,57,62,72,399,654,208,344,597,146,38
75,64,71,97,212,484,201,137,420,130,38
88,90,56,81,199,460,201,111,370,145,38
61,87,81,81,200,324,234,139,237,153,38
62,81,79,105,201,378,242,139,297,163,38
73,97,56,64,227,525,229,154,428,173,38
61,30,86,89,241,353,216,180,323,130,38
48,81,56,57,260,459,210,212,378,154,38
77,97,96,89,190,251,217,113,154,121,38
96,81,61,80,258,879,208,162,798,147,38
65,66,53,82,303,426,216,238,360,163,38
81,103,105,65,289,555,292,208,452,187,38
34,62,55,90,307,574,184,273,512,129,38
90,96,39,71,263,499,194,173,403,155,38
81,87,57,73,254,323,194,173,236,137,38
72,78,64,73,220,332,226,148,254,162,38
80,64,65,73,243,350,218,163,286,153,38
81,89,55,88,235,527,235,154,438,180,38
79,95,56,81,285,500,227,206,405,171,38
69,47,66,47,473,986,751,404,939,685,39
60,72,56,73,319,526,352,259,454,296,39
69,56,63,65,260,397,328,191,341,265,39
62,72,63,55,270,257,675,208,185,612,39
59,54,64,53,456,369,819,397,315,755,39
59,64,70,72,357,331,296,298,267,226,39
57,72,50,55,183,1275,218,126,1203,168,39
60,64,56,54,236,206,217,176,142,161,39
65,71,65,72,182,245,209,117,174,144,39
57,72,55,65,198,339,189,141,267,134,39
64,72,55,70,290,849,207,226,777,152,39
72,72,65,64,190,221,225,118,149,160,39
39,64,56,65,198,206,197,159,142,141,39
51,74,56,65,399,263,206,348,189,150,39
77,89,64,63,219,157,199,142,68,135,39
56,80,65,65,232,173,214,176,93,149,39
59,80,72,56,203,223,214,144,143,142,39
50,63,55,65,168,181,205,118,118,150,39
68,80,56,57,178,190,215,110,110,159,39
76,80,55,63,211,206,215,135,126,160,39
60,92,54,94,723,454,413,663,362,359,40
78,95,90,94,690,395,448,612,300,358,40
83,86,83,70,665,387,627,582,301,544,40
84,91,93,97,581,358,389,497,267,296,40
89,71,91,60,731,289,1160,642,218,1069,40
113,111,77,76,573,361,682,460,250,605,40
99,87,92,101,659,337,494,560,250,402,40
109,82,83,76,479,342,694,370,260,611,40
69,92,106,99,558,311,425,489,219,319,40
106,74,83,94,578,316,551,472,242,468,40
57,99,75,69,477,325,849,420,226,774,40
97,86,84,67,845,319,400,748,233,316,40
89,83,90,84,466,310,509,377,227,419,40
75,99,78,92,538,364,330,463,265,252,40
87,109,83,100,557,360,328,470,251,245,40
87,92,84,110,490,325,292,403,233,208,40
97,100,84,99,518,290,311,421,190,227,40
83,109,89,90,615,302,281,532,193,192,40
66,101,93,109,536,301,334,470,200,241,40
69,78,91,107,493,322,326,424,244,235,40
75,82,98,81,1443,350,317,1368,268,219,41
82,82,81,81,317,284,300,235,202,219,41
81,46,47,66,235,349,249,154,303,202,41
64,64,77,94,99,1668,283,35,1604,206,41
79,87,45,78,90,543,283,11,456,238,41
78,145,79,62,200,550,250,122,405,171,41
94,43,64,78,285,264,250,191,221,186,41
95,62,63,62,216,267,217,121,205,154,41
95,78,63,62,183,284,216,88,206,153,41
78,95,79,63,166,300,217,88,205,138,41
78,94,78,63,167,300,250,89,206,172,41
78,78,46,61,266,317,217,188,239,171,41
95,95,66,45,333,563,236,238,468,170,41
79,78,63,95,200,334,216,121,256,153,41
95,46,79,78,316,267,234,221,221,155,41
112,79,79,62,266,284,250,154,205,171,41
78,95,64,78,149,367,233,71,272,169,41
95,78,79,62,216,617,267,121,539,188,41
129,78,64,79,234,333,216,105,255,152,41
95,95,95,79,199,300,250,104,205,155,41
53,59,70,60,189,268,197,136,209,127,42
76,62,43,45,144,213,135,68,151,92,42
79,60,59,53,138,214,169,59,154,110,42
70,61,61,60,145,187,179,75,126,118,42
60,68,61,77,129,221,160,69,153,99,42
68,62,63,70,136,187,163,68,125,100,42
78,69,59,53,179,221,210,101,152,151,42
61,68,70,59,172,295,196,111,227,126,42
59,54,60,69,126,180,146,67,126,86,42
67,52,50,61,153,205,168,86,153,118,42
68,53,69,69,161,213,237,93,160,168,42
69,62,60,60,145,213,203,76,151,143,42
61,61,72,52,153,220,204,92,159,132,42
70,60,61,68,138,194,222,68,134,161,42
73,62,69,84,153,214,305,80,152,236,42
69,70,70,53,178,211,229,109,141,159,42
74,59,51,52,193,230,210,119,171,159,42
77,70,87,78,203,221,195,126,151,108,42
67,68,69,59,295,260,188,228,192,119,42
61,59,62,68,498,208,165,437,149,103,42
132,64,115,69,209,257,289,77,193,174,43
65,97,105,72,184,300,184,119,203,79,43
87,87,86,69,184,251,744,97,164,658,43
58,63,88,61,144,261,186,86,198,98,43
73,59,97,65,165,253,216,92,194,119,43
80,113,79,64,183,435,156,103,322,77,43
80,56,97,90,216,561,258,136,505,161,43
70,82,100,88,140,314,237,70,232,137,43
71,81,102,72,139,496,146,68,415,44,43
94,85,122,70,227,288,226,133,203,104,43
74,99,83,57,201,282,396,127,183,313,43
72,95,105,62,252,267,967,180,172,862,43
74,104,109,58,229,287,446,155,183,337,43
106,95,86,46,411,544,551,305,449,465,43
91,114,96,54,211,283,443,120,169,347,43
72,70,103,55,226,227,238,154,157,135,43
80,77,124,63,171,246,578,91,169,454,43
90,98,105,73,202,234,315,112,136,210,43
65,97,118,71,151,347,207,86,250,89,43
80,107,95,89,157,396,222,77,289,127,43
63,68,85,76,712,583,1092,649,515,1007,44
85,18,69,85,407,467,359,322,449,290,44
68,45,52,78,239,252,249,171,207,197,44
85,69,69,102,508,225,300,423,156,231,44
77,53,70,68,274,167,693,197,114,623,44
69,70,78,103,266,166,359,197,96,281,44
44,68,68,93,333,183,227,289,115,159,44
53,80,85,95,239,178,116,186,98,31,44
77,78,86,70,240,184,141,163,106,55,44
63,78,77,86,208,217,149,145,139,72,44
62,95,78,95,215,209,133,153,114,55,44
52,65,94,78,236,179,133,184,114,39,44
68,43,53,95,282,184,82,214,141,29,44
53,69,78,79,208,158,149,155,89,71,44
58,69,63,95,279,250,125,221,181,62,44
51,52,94,112,290,149,142,239,97,48,44
76,70,86,64,215,209,139,139,139,53,44
52,78,69,70,366,208,141,314,130,72,44
51,62,69,53,198,175,133,147,113,64,44
68,69,70,119,208,241,142,140,172,72,44
71,94,59,66,409,692,886,338,598,827,45
79,88,77,73,1278,408,696,1199,320,619,45
76,106,90,104,304,312,363,228,206,273,45
102,111,82,89,434,353,387,332,242,305,45
100,93,55,83,416,397,383,316,304,328,45
86,96,90,92,374,397,337,288,301,247,45
92,98,90,88,397,382,339,305,284,249,45
89,89,88,99,382,383,322,293,294,234,45
79,103,92,66,385,381,345,306,278,253,45
90,106,71,88,150,351,380,60,245,309,45
68,82,65,72,166,291,367,98,209,302,45
87,73,70,89,180,491,514,93,418,444,45
93,95,73,71,151,371,418,58,276,345,45
81,69,88,68,268,321,923,187,252,835,45
99,87,62,81,244,317,322,145,230,260,45
95,83,75,76,178,331,380,83,248,305,45
86,72,81,91,202,299,349,116,227,268,45
61,94,71,114,175,313,340,114,219,269,45
73,90,66,89,338,359,423,265,269,357,45
71,90,73,86,137,350,485,66,260,412,45
63,80,59,90,200,239,252,137,159,193,46
88,77,89,73,235,332,332,147,255,243,46
56,66,76,81,181,249,228,125,183,152,46
74,81,80,64,217,318,233,143,237,153,46
65,64,64,83,236,668,273,171,604,209,46
113,56,73,80,250,559,410,137,503,337,46
72,71,73,56,226,316,450,154,245,377,46
65,64,72,67,175,184,216,110,120,144,46
73,91,106,64,217,358,261,144,267,155,46
67,74,65,64,283,293,226,216,219,161,46
64,74,82,72,216,316,235,152,242,153,46
81,63,72,66,226,241,249,145,178,177,46
64,82,80,79,190,277,209,126,195,129,46
75,83,86,56,209,244,241,134,161,155,46
83,74,93,53,217,241,236,134,167,143,46
65,64,63,74,193,217,241,128,153,178,46
65,53,56,72,468,324,234,403,271,178,46
83,73,89,82,233,276,273,150,203,184,46
74,81,91,81,242,250,301,168,169,210,46
80,79,72,63,175,191,419,95,112,347,46
54,94,83,91,680,543,365,626,449,282,47
62,90,74,100,475,527,503,413,437,429,47
88,99,65,90,543,549,519,455,450,454,47
68,82,116,82,440,411,354,372,329,238,47
74,86,62,65,751,675,432,677,589,370,47
69,89,81,80,560,505,655,491,416,574,47
55,100,100,117,442,486,546,387,386,446,47
46,98,124,72,877,352,254,831,254,130,47
55,90,125,93,351,535,735,296,445,610,47
36,107,99,82,602,391,345,566,284,246,47
44,74,116,91,365,386,278,321,312,162,47
71,91,107,82,559,486,587,488,395,480,47
62,82,98,82,341,419,262,279,337,164,47
55,72,45,65,788,896,474,733,824,429,47
59,82,99,65,464,461,528,405,379,429,47
49,88,116,99,707,484,346,658,396,230,47
59,82,99,91,456,503,427,397,421,328,47
74,82,107,117,421,387,344,347,305,237,47
61,65,91,99,416,419,379,355,354,288,47
56,82,133,100,395,295,328,339,213,195,47
101,123,81,131,586,358,425,485,235,344,48
80,106,90,113,317,166,243,237,60,153,48
86,105,82,88,297,198,168,211,93,86,48
64,111,82,80,712,171,234,648,60,152,48
79,100,81,91,264,142,174,185,42,93,48
89,106,82,82,293,148,191,204,42,109,48
89,88,67,82,900,182,216,811,94,149,48
90,79,82,89,417,157,284,327,78,202,48
81,106,66,91,359,273,167,278,167,101,48
98,95,82,105,2026,182,183,1928,87,101,48
114,106,83,91,407,157,192,293,51,109,48
81,82,64,86,416,133,245,335,51,181,48
80,90,64,81,483,167,224,403,77,160,48
94,97,88,81,472,125,224,378,28,136,48
105,123,72,90,540,159,190,435,36,118,48
115,97,73,100,543,157,158,428,60,85,48
105,89,74,63,450,175,142,345,86,68,48
98,106,65,98,408,150,157,310,44,92,48
90,106,82,98,433,149,201,343,43,119,48
105,92,46,91,597,195,164,492,103,118,48
34,80,79,61,1077,599,1065,1043,519,986,49
88,80,96,72,1289,366,1156,1201,286,1060,49
81,73,97,96,357,658,275,276,585,178,49
72,81,79,88,234,308,216,162,227,137,49
71,87,70,96,300,383,223,229,296,153,49
64,55,79,71,482,292,250,418,237,171,49
56,94,88,79,253,264,242,197,170,154,49
80,90,96,97,266,300,258,186,210,162,49
89,97,82,72,275,274,259,186,177,177,49
80,95,88,94,243,248,260,163,153,172,49
72,86,96,115,259,240,243,187,154,147,49
81,87,108,104,241,239,278,160,152,170,49
73,94,103,96,1068,259,280,995,165,177,49
88,78,87,87,809,248,250,721,170,163,49
77,94,94,87,250,241,257,173,147,163,49
77,71,97,82,298,298,530,221,227,433,49
87,87,93,95,499,252,256,412,165,163,49
63,88,80,89,257,250,249,194,162,169,49
79,79,95,88,241,258,249,162,179,154,49
78,86,88,95,241,257,234,163,171,146,49
89,111,97,104,727,1019,535,638,908,438,50
101,66,74,80,443,657,1474,342,591,1400,50
96,90,98,86,696,624,647,600,534,549,50
103,51,106,82,421,350,363,318,299,257,50
74,46,91,60,411,430,334,337,384,243,50
88,84,106,85,324,349,273,236,265,167,50
86,66,93,104,483,295,618,397,229,525,50
76,89,92,70,348,371,405,272,282,313,50
74,60,93,74,671,269,572,597,209,479,50
91,74,89,67,282,292,244,191,218,155,50
98,87,77,59,316,626,567,218,539,490,50
87,95,106,102,403,301,306,316,206,200,50
88,78,80,102,311,332,751,223,254,671,50
112,75,90,77,353,359,559,241,284,469,50
92,83,86,68,377,376,510,285,293,424,50
92,60,77,88,368,313,328,276,253,251,50
70,72,75,113,469,325,511,399,253,436,50
114,78,81,78,330,321,576,216,243,495,50
83,89,80,83,370,480,268,287,391,188,50
80,70,82,91,382,316,1028,302,246,946,50
96,112,79,100,165,350,431,69,238,352,51
65,81,65,97,450,334,333,385,253,268,51
65,65,45,80,385,502,399,320,437,354,51
46,99,79,81,347,270,331,301,171,252,51
63,81,98,114,498,316,317,435,235,219,51
65,81,65,80,300,301,518,235,220,453,51
62,96,65,80,700,332,434,638,236,369,51
64,79,81,65,501,1016,548,437,937,467,51
50,65,30,78,417,669,450,367,604,420,51
79,63,63,46,381,351,767,302,288,704,51
63,80,80,63,383,316,400,320,236,320,51
80,81,81,63,1198,334,435,1118,253,354,51
47,82,81,80,415,351,334,368,269,253,51
46,65,81,66,348,267,315,302,202,234,51
64,81,47,47,766,683,400,702,602,353,51
47,79,80,99,499,466,349,452,387,269,51
80,64,81,48,316,249,350,236,185,269,51
61,46,65,97,348,264,336,287,218,271,51
78,81,63,78,230,268,318,152,187,255,51
78,96,80,65,366,265,282,288,169,202,51
12,34,71,71,531,247,1574,519,213,1503,52
97,70,61,78,565,247,249,468,177,188,52
93,75,53,73,265,205,243,172,130,190,52
71,71,69,60,672,545,296,601,474,227,52
72,20,82,50,290,147,596,218,127,514,52
71,72,83,69,329,212,430,258,140,347,52
90,94,57,46,797,1003,223,707,909,166,52
56,48,50,48,325,266,1764,269,218,1714,52
72,71,73,74,256,200,186,184,129,113,52
49,73,61,92,275,213,277,226,140,216,52
69,64,81,95,260,229,271,191,165,190,52
82,72,83,72,277,266,291,195,194,208,52
92,78,92,46,279,253,567,187,175,475,52
67,75,62,83,250,257,255,183,182,193,52
69,72,70,67,263,257,259,194,185,189,52
59,80,68,61,235,253,223,176,173,155,52
78,59,75,72,275,250,237,197,191,162,52
49,64,63,60,310,331,373,261,267,310,52
71,69,59,51,291,628,462,220,559,403,52
84,72,65,44,298,286,476,214,214,411,52
69,48,51,72,1072,213,184740,1003,165,184689,53
82,66,51,109,133,178,817,51,112,766,53
131,106,40,90,281,217,226,150,111,186,53
113,71,54,76,176,182,220,63,111,166,53
99,91,67,55,428,225,277,329,134,210,53
88,89,63,95,223,193,249,135,104,186,53
91,83,76,75,173,175,219,82,92,143,53
90,90,82,69,140,201,380,50,111,298,53
106,83,81,80,173,168,1045,67,85,964,53
97,95,58,43,135,228,347,38,133,289,53
151,108,55,33,251,595,390,100,487,335,53
98,89,64,97,252,199,301,154,110,237,53
73,106,28,84,326,268,248,253,162,220,53
54,76,76,83,289,330,377,235,254,301,53
96,98,28,56,250,366,368,154,268,340,53
67,98,73,107,285,209,319,218,111,246,53
80,91,66,74,173,198,410,93,107,344,53
86,93,67,73,278,178,542,192,85,475,53
66,81,66,97,261,148,628,195,67,562,53
97,67,66,66,232,141,284,135,74,218,53
73,91,101,87,271,1754,369,198,1663,268,54
87,97,98,79,217,262,356,130,165,258,54
70,81,87,62,747,409,254,677,328,167,54
88,91,97,119,169,448,279,81,357,182,54
99,118,80,72,136,237,264,37,119,184,54
81,90,89,88,163,201,220,82,111,131,54
97,89,90,107,145,163,182,48,74,92,54
79,99,61,72,254,209,218,175,110,157,54
78,101,75,63,150,180,200,72,79,125,54
88,81,73,72,116,256,180,28,175,107,54
89,99,72,79,135,172,174,46,73,102,54
70,78,72,72,820,216,199,750,138,127,54
71,100,62,69,108,174,183,37,74,121,54
81,99,79,82,164,164,254,83,65,175,54
79,92,65,72,113,146,166,34,54,101,54
72,99,57,62,146,153,194,74,54,137,54
87,91,90,88,114,165,191,27,74,101,54
79,88,70,53,792,217,190,713,129,120,54
70,90,64,80,162,153,184,92,63,120,54
73,92,64,88,273,164,193,200,72,129,54
59,55,51,83,454,1020,1485,395,965,1434,55
69,67,39,64,269,161,862,200,94,823,55
96,77,35,82,439,308,620,343,231,585,55
61,93,62,92,168,198,569,107,105,507,55
77,65,77,65,114,152,415,37,87,338,55
94,78,67,82,134,543,454,40,465,387,55
87,96,63,62,158,267,803,71,171,740,55
55,34,72,68,139,146,370,84,112,298,55
55,75,40,66,112,202,391,57,127,351,55
52,46,53,77,155,144,358,103,98,305,55
79,80,63,63,150,333,534,71,253,471,55
65,51,35,63,149,284,419,84,233,384,55
63,71,33,61,140,691,536,77,620,503,55
51,63,70,52,153,194,471,102,131,401,55
47,66,51,66,114,182,470,67,116,419,55
80,74,56,64,157,185,442,77,111,386,55
67,59,49,79,108,193,369,41,134,320,55
56,72,49,82,186,205,435,130,133,386,55
79,77,54,52,171,188,490,92,111,436,55
51,46,55,49,137,193,388,86,147,333,55
50,71,30,45,169,824,353,119,753,323,56
79,73,32,81,174,1809,147,95,1736,115,56
95,58,53,70,207,854,198,112,796,145,56
80,73,27,96,158,811,114,78,738,87,56
81,66,47,79,143,307,209,62,241,162,56
79,58,48,88,172,788,165,93,730,117,56
105,58,50,90,156,659,152,51,601,102,56
72,57,14,61,147,1648,183,75,1591,169,56
79,56,48,90,150,2333,157,71,2277,109,56
88,65,40,82,175,959,157,87,894,117,56
65,64,49,87,193,598,160,128,534,111,56
63,46,46,105,176,502,146,113,456,100,56
76,75,13,80,831,716,184,755,641,171,56
162,81,46,89,257,535,390,95,454,344,56
80,55,50,99,274,284,232,194,229,182,56
96,71,41,114,307,324,226,211,253,185,56
96,68,56,106,585,433,325,489,365,269,56
75,64,48,89,503,1013,254,428,949,206,56
85,38,60,93,297,771,314,212,733,254,56
70,47,56,93,265,1044,208,195,997,152,56
93,123,109,109,287,1664,548,194,1541,439,57
124,120,121,89,356,389,445,232,269,324,57
130,125,111,111,327,581,537,197,456,426,57
109,104,109,111,310,473,374,201,369,265,57
122,122,130,113,310,517,390,188,395,260,57
108,106,151,101,349,546,855,241,440,704,57
111,111,99,99,309,529,412,198,418,313,57
91,102,141,105,289,402,360,198,300,219,57
104,111,123,123,343,492,373,239,381,250,57
111,105,120,121,300,393,362,189,288,242,57
82,121,111,111,291,402,333,209,281,222,57
108,114,99,111,338,629,330,230,515,231,57
107,80,109,88,306,465,815,199,385,706,57
111,92,142,121,330,558,661,219,466,519,57
122,95,98,106,295,532,412,173,437,314,57
89,105,120,105,339,290,370,250,185,250,57
108,110,112,80,277,266,360,169,156,248,57
110,120,109,103,290,391,316,180,271,207,57
106,112,111,99,278,269,352,172,157,241,57
102,89,111,91,291,288,330,189,199,219,57
86,89,75,69,268,789,5711,182,700,5636,58
68,71,52,72,486,518,1015,418,447,963,58
88,68,61,76,451,542,686,363,474,625,58
88,75,72,87,327,228,536,239,153,464,58
68,64,57,94,315,192,577,247,128,520,58
77,69,57,79,433,176,464,356,107,407,58
95,77,68,77,464,218,484,369,141,416,58
84,59,75,93,311,245,477,227,186,402,58
81,72,60,96,288,264,470,207,192,410,58
86,55,67,75,571,203,453,485,148,386,58
89,67,64,89,326,237,497,237,170,433,58
69,83,65,77,273,219,542,204,136,477,58
71,83,64,66,250,241,441,179,158,377,58
57,61,51,83,317,304,395,260,243,344,58
79,69,69,84,288,210,440,209,141,371,58
70,93,59,73,264,205,463,194,112,404,58
71,57,67,79,266,185,473,195,128,406,58
68,66,67,83,246,204,360,178,138,293,58
71,65,66,74,300,201,353,229,136,287,58
65,65,67,68,239,161,202,174,96,135,58
8,98,98,110,329,403,425,321,305,327,59
89,62,137,127,1150,330,1095,1061,268,958,59
76,78,98,88,461,399,418,385,321,320,59
100,50,962,3,966,383,967,866,333,5,59
166,84,106,130,303,445,513,137,361,407,59
99,69,79,61,243,323,437,144,254,358,59
107,107,110,122,206,289,300,99,182,190,59
109,112,90,96,189,284,239,80,172,149,59
79,62,79,75,216,375,295,137,313,216,59
101,84,68,80,229,290,233,128,206,165,59
109,53,97,81,636,294,297,527,241,200,59
130,44,115,111,249,279,357,119,235,242,59
98,109,87,104,612,304,225,514,195,138,59
141,101,92,130,215,1857,298,74,1756,206,59
91,118,88,118,225,411,313,134,293,225,59
80,86,111,105,183,264,297,103,178,186,59
91,102,112,98,189,277,254,98,175,142,59
132,93,78,95,238,307,261,106,214,183,59
106,102,99,97,206,270,235,100,168,136,59
94,137,115,105,207,315,253,113,178,138,59
138,120,135,112,1944,2106,654,1806,1986,519,60
89,105,115,89,1610,574,717,1521,469,602,60
81,97,106,88,584,1434,1151,503,1337,1045,60
71,63,116,106,674,2419,575,603,2356,459,60
89,49,84,58,575,2276,1525,486,2227,1441,60
98,108,85,81,614,583,387,516,475,302,60
73,113,96,87,359,477,339,286,364,243,60
73,74,108,82,642,383,317,569,309,209,60
89,81,105,124,434,392,307,345,311,202,60
82,82,102,113,724,397,331,642,315,229,60
63,70,106,98,1826,365,300,1763,295,194,60
58,56,89,115,484,342,275,426,286,186,60
100,73,80,124,600,594,240,500,521,160,60
113,70,79,88,476,1108,258,363,1038,179,60
62,90,97,79,365,476,309,303,386,212,60
63,54,79,72,875,367,266,812,313,187,60
81,63,80,84,566,384,272,485,321,192,60
73,61,81,79,425,367,308,352,306,227,60
82,54,72,88,470,482,276,388,428,204,60
91,97,102,73,367,359,333,276,262,231,60
90,86,88,88,2698,1377,831,2608,1291,743,61
108,96,93,84,1024,1498,686,916,1402,593,61
112,102,117,88,1398,728,838,1286,626,721,61
98,85,104,95,1102,599,1140,1004,514,1036,61
107,115,103,79,987,1224,625,880,1109,522,61
121,103,99,82,1107,903,703,986,800,604,61
90,93,78,73,541,406,486,451,313,408,61
82,69,84,86,455,2200,514,373,2131,430,61
94,93,90,75,619,1089,482,525,996,392,61
82,89,75,68,1074,360,454,992,271,379,61
64,87,82,79,521,863,770,457,776,688,61
70,89,68,82,495,851,442,425,762,374,61
81,74,84,69,852,512,516,771,438,432,61
75,78,83,73,717,315,338,642,237,255,61
78,73,80,74,428,824,364,350,751,284,61
75,87,83,78,399,512,349,324,425,266,61
74,79,79,75,624,425,605,550,346,526,61
78,91,90,65,1142,637,469,1064,546,379,61
79,43,73,81,1223,593,464,1144,550,391,61
82,79,80,73,503,402,466,421,323,386,61
31,96,96,61,284,285,251,253,189,155,62
111,97,78,62,249,216,283,138,119,205,62
76,77,76,100,230,619,129,154,542,53,62
92,96,105,63,229,273,308,137,177,203,62
94,76,91,78,233,202,413,139,126,322,62
92,79,114,63,196,149,251,104,70,137,62
80,95,95,93,184,268,850,104,173,755,62
76,96,79,41,198,167,223,122,71,144,62
77,79,96,63,198,234,201,121,155,105,62
77,96,80,62,197,166,268,120,70,188,62
97,99,96,59,198,151,305,101,52,209,62
93,97,99,73,229,166,275,136,69,176,62
94,78,99,78,217,113,270,123,35,171,62
95,79,78,76,217,150,1369,122,71,1291,62
78,62,96,80,217,150,200,139,88,104,62
94,78,113,61,249,98,502,155,20,389,62
95,111,97,77,199,130,221,104,19,124,62
96,111,109,96,201,118,297,105,7,188,62
95,80,95,95,217,100,366,122,20,271,62
77,88,115,79,204,123,236,127,35,121,62
66,54,68,69,381,1510,232,315,1456,164,63
61,62,52,60,358,816,359,297,754,307,63
78,52,52,53,409,341,408,331,289,356,63
80,44,51,53,344,242,308,264,198,257,63
52,52,44,45,307,184,207,255,132,163,63
78,43,60,60,285,290,508,207,247,448,63
37,37,52,64,333,234,450,296,197,398,63
44,77,61,63,466,208,208,422,131,147,63
69,45,63,53,358,208,200,289,163,137,63
69,53,61,52,275,209,216,206,156,155,63
53,60,63,44,208,324,275,155,264,212,63
85,45,54,74,624,183,176,539,138,122,63
79,36,61,53,309,200,191,230,164,130,63
77,51,52,45,325,166,174,248,115,122,63
69,45,53,78,291,166,167,222,121,114,63
86,35,52,54,284,149,174,198,114,122,63
70,37,44,61,233,167,175,163,130,131,63
78,36,54,45,242,157,184,164,121,130,63
65,10,52,54,266,326,399,201,316,347,63
70,52,44,63,341,183,175,271,131,131,63
67,73,53,77,452,406,1170,385,333,1117,64
76,72,32,79,530,208,519,454,136,487,64
66,97,30,73,161,127,125,95,30,95,64
53,81,38,65,106,109,507,53,28,469,64
59,79,38,72,122,114,193,63,35,155,64
47,80,55,81,641,134,268,594,54,213,64
39,81,55,73,109,127,192,70,46,137,64
37,82,55,81,141,285,159,104,203,104,64
38,73,65,80,92,143,260,54,70,195,64
47,73,56,90,101,107,201,54,34,145,64
40,90,64,80,93,118,160,53,28,96,64
48,80,64,75,93,118,159,45,38,95,64
52,81,29,81,139,110,225,87,29,196,64
46,73,72,89,109,135,184,63,62,112,64
47,89,46,84,101,127,930,54,38,884,64
13,81,40,89,74,1424,494,61,1343,454,64
56,97,72,106,143,575,243,87,478,171,64
32,72,31,63,453,217,352,421,145,321,64
63,73,56,64,117,151,343,54,78,287,64
32,73,55,76,110,100,1871,78,27,1816,64
8,74,56,88,144,263,1951,136,189,1895,65
69,99,69,79,239,700,232,170,601,163,65
58,74,38,85,285,316,329,227,242,291,65
72,78,80,107,393,331,223,321,253,143,65
63,98,70,83,233,559,255,170,461,185,65
55,82,102,84,303,280,229,248,198,127,65
60,87,93,64,239,262,294,179,175,201,65
86,91,84,81,207,281,346,121,190,262,65
55,83,72,82,205,247,237,150,164,165,65
52,77,91,72,202,287,293,150,210,202,65
91,98,81,87,219,325,326,128,227,245,65
79,90,75,94,223,268,265,144,178,190,65
73,69,69,68,210,177,230,137,108,161,65
78,68,78,76,177,178,499,99,110,421,65
61,89,76,93,278,655,661,217,566,585,65
54,85,65,89,228,229,225,174,144,160,65
54,64,77,74,375,220,262,321,156,185,65
64,95,64,81,236,212,276,172,117,212,65
52,69,55,58,175,164,270,123,95,215,65
60,65,72,68,187,175,254,127,110,182,65
32,62,52,69,181,1074,319,149,1012,267,66
34,46,45,78,141,843,352,107,797,307,66
59,42,43,68,571,600,354,512,558,311,66
44,35,37,63,186,821,279,142,786,242,66
52,44,29,36,711,820,919,659,776,890,66
69,44,52,59,304,603,422,235,559,370,66
53,53,61,54,420,621,278,367,568,217,66
52,61,78,61,312,302,522,260,241,444,66
53,43,52,45,246,764,252,193,721,200,66
51,59,51,53,188,537,369,137,478,318,66
51,53,52,52,178,328,379,127,275,327,66
62,52,50,43,472,605,587,410,553,537,66
26,53,37,60,150,244,254,124,191,217,66
44,54,45,37,168,279,670,124,225,625,66
70,60,34,68,412,776,226,342,716,192,66
72,54,61,76,211,355,280,139,301,219,66
59,52,59,45,195,587,628,136,535,569,66
59,72,61,29,167,423,261,108,351,200,66
62,62,53,68,186,321,263,124,259,210,66
62,53,50,44,180,248,351,118,195,301,66
55,95,52,86,283,545,2287,228,450,2235,67
70,99,81,67,247,285,801,177,186,720,67
91,110,101,113,318,417,349,227,307,248,67
69,111,88,114,237,289,242,168,178,154,67
72,112,93,92,264,301,235,192,189,142,67
73,113,76,94,276,373,245,203,260,169,67
57,110,80,99,262,301,248,205,191,168,67
49,123,94,86,243,310,228,194,187,134,67
70,131,111,125,308,372,253,238,241,142,67
83,115,115,111,279,258,285,196,143,170,67
101,117,104,130,279,309,226,178,192,122,67
95,113,95,114,300,254,231,205,141,136,67
41,97,60,94,290,316,233,249,219,173,67
93,113,81,93,301,296,254,208,183,173,67
76,92,105,130,307,286,225,231,194,120,67
82,88,80,106,342,312,221,260,224,141,67
72,87,94,97,535,307,266,463,220,172,67
93,73,74,116,335,488,292,242,415,218,67
92,127,96,88,314,367,361,222,240,265,67
90,98,83,110,263,312,339,173,214,256,67
42,28,45,69,2493,1309,1403,2451,1281,1358,68
41,52,59,73,388,2070,1267,347,2018,1208,68
67,34,82,73,391,1455,1203,324,1421,1121,68
1,40,57,50,1874,1402,2822,1873,1362,2765,68
38,32,25,26,249,676,1170,211,644,1145,68
51,40,57,38,243,437,287,192,397,230,68
47,16,50,63,444,1039,465,397,1023,415,68
63,47,51,54,335,373,640,272,326,589,68
42,40,56,47,210,262,235,168,222,179,68
51,55,65,52,176,236,219,125,181,154,68
46,43,59,58,172,228,463,126,185,404,68
36,55,50,47,165,526,283,129,471,233,68
33,55,65,55,169,250,311,136,195,246,68
72,40,50,50,277,216,279,205,176,229,68
47,48,55,50,267,253,224,220,205,169,68
39,38,50,36,236,905,375,197,867,325,68
46,47,62,48,208,281,292,162,234,230,68
51,31,70,56,897,401,223,846,370,153,68
39,22,58,62,175,219,360,136,197,302,68
42,23,40,23,213,548,260,171,525,220,68
13,70,52,34,445,2067,370,432,1997,318,69
79,92,54,46,474,488,356,395,396,302,69
64,82,83,88,120,211,198,56,129,115,69
88,77,65,74,143,209,109,55,132,44,69
51,53,51,51,130,187,383,79,134,332,69
58,62,57,57,115,207,131,57,145,74,69
50,71,85,66,162,1356,182,112,1285,97,69
65,104,62,25,162,394,203,97,290,141,69
82,72,48,65,144,223,167,62,151,119,69
91,94,96,96,160,198,150,69,104,54,69
53,81,63,78,153,234,121,100,153,58,69
67,95,68,15,137,212,151,70,117,83,69
56,56,87,31,143,170,156,87,114,69,69
66,50,52,56,131,353,108,65,303,56,69
50,66,65,57,168,200,124,118,134,59,69
63,62,77,65,151,203,118,88,141,41,69
64,93,69,54,107,206,132,43,113,63,69
65,61,55,40,124,288,96,59,227,41,69
66,64,59,56,106,189,134,40,125,75,69
71,52,50,59,149,219,89,78,167,39,69
51,19,46,47,881,255,1375,830,236,1329,70
39,63,15,32,459,258,793,420,195,778,70
77,58,44,45,504,219,730,427,161,686,70
67,69,29,70,391,269,344,324,200,315,70
36,65,51,49,303,238,736,267,173,685,70
44,61,29,35,295,236,644,251,175,615,70
36,55,45,74,306,277,491,270,222,446,70
44,41,36,57,927,288,628,883,247,592,70
35,74,37,36,1044,254,641,1009,180,604,70
44,76,39,55,250,224,526,206,148,487,70
47,54,54,45,260,207,826,213,153,772,70
54,45,45,38,308,226,356,254,181,311,70
41,45,54,36,311,209,670,270,164,616,70
67,58,46,37,360,232,511,293,174,465,70
54,63,39,46,367,273,410,313,210,371,70
60,22,21,31,209,177,432,149,155,411,70
49,49,32,45,132,793,955,83,744,923,70
52,35,42,56,540,235,344,488,200,302,70
76,49,46,37,164,221,233,88,172,187,70
31,62,37,31,137,218,199,106,156,162,70
101,110,117,99,402,524,674,301,414,557,71
102,103,102,111,345,316,263,243,213,161,71
77,102,95,123,232,219,289,155,117,194,71
104,106,128,105,279,202,230,175,96,102,71
108,100,107,111,287,245,258,179,145,151,71
98,93,119,105,285,351,291,187,258,172,71
99,74,122,81,258,572,622,159,498,500,71
110,90,112,83,251,205,218,141,115,106,71
104,113,117,110,256,234,268,152,121,151,71
99,76,93,103,251,270,240,152,194,147,71
92,56,112,91,285,217,218,193,161,106,71
72,106,109,107,217,225,201,145,119,92,71
102,88,123,88,241,179,211,139,91,88,71
90,85,111,98,220,202,226,130,117,115,71
92,97,111,86,236,192,194,144,95,83,71
98,105,79,76,341,349,245,243,244,166,71
121,72,122,91,323,312,299,202,240,177,71
92,105,73,110,253,244,183,161,139,110,71
93,68,105,104,266,229,331,173,161,226,71
82,95,102,118,326,399,197,244,304,95,71
87,72,78,65,122,2646,104,35,2574,26,72
77,80,86,96,518,1641,569,441,1561,483,72
90,114,82,112,703,517,317,613,403,235,72
113,134,77,101,307,480,184,194,346,107,72
93,138,97,98,312,451,233,219,313,136,72
119,116,54,122,164,755,572,45,639,518,72
102,131,88,123,178,384,149,76,253,61,72
120,80,113,100,200,509,190,80,429,77,72
114,121,78,104,467,490,175,353,369,97,72
105,104,45,84,323,660,497,218,556,452,72
115,107,110,104,233,246,131,118,139,21,72
95,72,90,105,156,192,127,61,120,37,72
92,57,45,91,127,611,131,35,554,86,72
109,81,72,99,170,207,142,61,126,70,72
104,58,72,104,173,212,125,69,154,53,72
114,88,81,70,184,267,244,70,179,163,72
86,90,73,97,182,611,125,96,521,52,72
112,71,89,92,201,305,142,89,234,53,72
110,83,89,106,197,208,175,87,125,86,72
108,86,72,106,195,225,174,87,139,102,72
57,76,96,84,8074,1073,1129,8017,997,1033,73
81,70,92,76,957,778,963,876,708,871,73
68,66,68,62,645,2379,691,577,2313,623,73
74,66,81,83,643,783,889,569,717,808,73
80,76,100,85,523,412,314,443,336,214,73
81,59,70,84,673,680,341,592,621,271,73
84,84,91,83,676,620,354,592,536,263,73
74,66,75,90,651,1780,488,577,1714,413,73
83,79,102,86,917,640,328,834,561,226,73
81,92,98,79,508,456,322,427,364,224,73
61,89,89,91,589,593,312,528,504,223,73
90,90,79,78,644,513,298,554,423,219,73
72,57,81,57,682,793,370,610,736,289,73
81,85,116,83,589,497,321,508,412,205,73
100,66,92,99,717,544,347,617,478,255,73
89,75,83,101,1093,569,287,1004,494,204,73
97,84,93,83,748,551,330,651,467,237,73
101,91,90,93,654,626,287,553,535,197,73
66,82,106,84,667,577,304,601,495,198,73
115,101,113,76,576,359,326,461,258,213,73
115,126,86,93,736,825,339,621,699,253,74
107,89,80,87,541,489,294,434,400,214,74
129,94,89,73,520,557,303,391,463,214,74
114,87,85,90,460,504,519,346,417,434,74
95,74,68,90,583,500,264,488,426,196,74
82,98,70,83,423,471,266,341,373,196,74
98,71,76,88,343,395,257,245,324,181,74
97,97,73,87,343,410,253,246,313,180,74
80,86,75,84,385,420,269,305,334,194,74
78,90,67,68,274,390,259,196,300,192,74
107,80,78,96,461,414,273,354,334,195,74
93,83,89,89,456,419,286,363,336,197,74
123,85,82,94,349,465,272,226,380,190,74
96,98,77,80,368,402,309,272,304,232,74
85,103,79,87,327,434,287,242,331,208,74
93,109,87,90,305,403,299,212,294,212,74
97,106,79,97,319,410,286,222,304,207,74
96,107,86,99,316,405,291,220,298,205,74
84,125,84,93,302,460,278,218,335,194,74
104,94,73,91,398,411,270,294,317,197,74
88,95,70,108,451,475,378,363,380,308,75
76,81,87,46,277,269,495,201,188,408,75
71,75,53,82,246,398,271,175,323,218,75
82,77,33,79,296,300,223,214,223,190,75
73,60,92,55,764,285,657,691,225,565,75
59,82,63,80,269,260,299,210,178,236,75
72,77,83,77,478,320,303,406,243,220,75
96,79,69,64,267,235,313,171,156,244,75
117,72,68,73,321,247,318,204,175,250,75
51,114,81,84,245,301,330,194,187,249,75
82,80,79,45,294,284,336,212,204,257,75
48,66,74,86,291,276,307,243,210,233,75
57,71,87,60,277,243,294,220,172,207,75
60,72,31,64,246,409,323,186,337,292,75
58,78,70,65,251,225,289,193,147,219,75
46,63,78,77,249,220,257,203,157,179,75
54,79,92,71,218,219,287,164,140,195,75
48,62,50,63,270,264,267,222,202,217,75
55,65,77,23,266,230,390,211,165,313,75
49,70,70,93,229,234,309,180,164,239,75
79,70,69,70,216,1435,181,137,1365,112,76
96,86,88,79,191,725,174,95,639,86,76
104,62,85,79,283,1294,147,179,1232,62,76
83,65,79,80,161,745,615,78,680,536,76
113,71,71,88,307,968,191,194,897,120,76
87,96,86,79,583,959,207,496,863,121,76
88,87,69,72,175,970,230,87,883,161,76
71,78,71,89,174,1058,424,103,980,353,76
80,45,71,80,234,266,175,154,221,104,76
148,82,55,71,306,225,176,158,143,121,76
85,74,96,89,162,159,309,77,85,213,76
94,80,87,62,414,719,182,320,639,95,76
81,71,78,64,259,527,439,178,456,361,76
107,89,87,81,391,451,307,284,362,220,76
87,47,88,71,350,525,241,263,478,153,76
81,62,72,87,209,466,761,128,404,689,76
79,71,116,96,232,533,251,153,462,135,76
107,46,106,71,326,357,334,219,311,228,76
95,54,107,80,416,291,250,321,237,143,76
96,72,116,69,241,383,235,145,311,119,76
36,48,99,76,1639,508,4676,1603,460,4577,77
71,73,88,53,641,1361,2045,570,1288,1957,77
80,91,88,79,346,5076,1291,266,4985,1203,77
90,90,82,98,476,984,1101,386,894,1019,77
98,64,73,88,550,859,1768,452,795,1695,77
96,81,80,64,482,851,1444,386,770,1364,77
98,82,72,90,316,911,1208,218,829,1136,77
94,69,78,54,241,709,425,147,640,347,77
89,88,78,68,250,984,795,161,896,717,77
79,78,79,84,389,1517,1053,310,1439,974,77
78,53,61,69,641,1644,824,563,1591,763,77
108,83,88,87,299,671,709,191,588,621,77
78,87,80,85,259,457,1544,181,370,1464,77
84,97,73,68,955,1784,704,871,1687,631,77
87,81,97,79,313,1820,501,226,1739,404,77
55,90,80,90,281,343,225,226,253,145,77
74,89,98,82,318,308,199,244,219,101,77
79,80,91,72,224,273,177,145,193,86,77
55,86,90,65,218,288,184,163,202,94,77
80,73,97,81,248,267,183,168,194,86,77
46,78,38,64,319,859,674,273,781,636,78
50,52,71,69,295,719,281,245,667,210,78
37,48,71,66,307,781,250,270,733,179,78
46,63,67,50,217,965,230,171,902,163,78
47,52,66,17,246,470,313,199,418,247,78
49,62,67,41,234,566,258,185,504,191,78
49,51,67,50,282,972,246,233,921,179,78
36,21,72,56,314,450,237,278,429,165,78
64,53,70,65,314,400,220,250,347,150,78
48,48,52,53,265,431,200,217,383,148,78
43,39,64,67,268,1061,229,225,1022,165,78
50,38,62,70,462,855,231,412,817,169,78
51,48,68,66,305,398,467,254,350,399,78
48,48,51,44,282,1099,239,234,1051,188,78
79,50,49,51,298,568,296,219,518,247,78
53,49,50,29,255,517,451,202,468,401,78
36,49,52,51,284,483,400,248,434,348,78
47,36,35,69,279,533,231,232,497,196,78
63,47,39,66,284,494,204,221,447,165,78
49,51,69,52,248,369,199,199,318,130,78
87,66,66,45,1377,1033,1467,1290,967,1401,79
80,78,94,112,517,717,699,437,639,605,79
144,79,129,129,614,600,1367,470,521,1238,79
78,45,111,45,616,534,833,538,489,722,79
66,64,26,45,400,401,316,334,337,290,79
95,64,66,45,299,333,384,204,269,318,79
94,79,45,45,283,317,334,189,238,289,79
65,64,95,80,271,1685,1646,206,1621,1551,79
45,77,45,45,234,316,333,189,239,288,79
65,45,45,28,266,317,400,201,272,355,79
79,64,66,64,267,283,400,188,219,334,79
66,45,66,45,300,300,383,234,255,317,79
65,45,65,65,250,283,450,185,238,385,79
27,27,45,46,800,350,333,773,323,288,79
27,45,47,27,283,263,304,256,218,257,79
46,28,78,45,283,234,316,237,206,238,79
78,28,82,78,300,281,419,222,253,337,79
79,45,78,44,584,401,316,505,356,238,79
65,45,43,45,250,283,283,185,238,240,79
96,45,45,66,834,266,383,738,221,338,79
73,85,95,94,232,953,425,159,868,330,80
136,103,100,78,953,215,995,817,112,895,80
80,81,96,105,168,231,280,88,150,184,80
99,99,107,113,180,237,240,81,138,133,80
97,111,86,108,211,363,225,114,252,139,80
93,120,127,114,150,233,246,57,113,119,80
111,84,73,17,262,213,299,151,129,226,80
92,113,100,81,172,202,680,80,89,580,80
110,97,98,81,226,211,241,116,114,143,80
77,82,65,85,226,211,215,149,129,150,80
105,109,113,99,184,201,236,79,92,123,80
88,109,104,117,179,468,231,91,359,127,80
90,121,108,108,205,293,233,115,172,125,80
92,105,100,99,245,207,236,153,102,136,80
82,121,120,98,161,214,236,79,93,116,80
75,95,110,97,205,202,236,130,107,126,80
101,98,98,98,204,200,237,103,102,139,80
82,121,106,94,184,199,233,102,78,127,80
79,102,113,85,161,200,239,82,98,126,80
107,114,99,109,162,205,214,55,91,115,80
68,74,81,56,427,437,1254,359,363,1173,81
89,89,65,82,388,745,424,299,656,359,81
73,74,48,63,353,523,1172,280,449,1124,81
64,82,90,90,248,330,387,184,248,297,81
64,74,72,99,342,422,318,278,348,246,81
90,74,90,57,270,370,278,180,296,188,81
65,82,82,74,213,609,415,148,527,333,81
81,82,81,98,263,388,428,182,306,347,81
79,75,74,66,200,262,303,121,187,229,81
82,74,57,90,221,303,336,139,229,279,81
73,74,56,74,203,287,227,130,213,171,81
65,65,66,88,246,253,238,181,188,172,81
73,74,66,74,212,278,220,139,204,154,81
73,83,57,106,170,312,221,97,229,164,81
90,91,73,81,236,455,303,146,364,230,81
82,83,65,72,213,330,263,131,247,198,81
64,65,66,82,239,251,220,175,186,154,81
82,74,66,73,196,294,220,114,220,154,81
99,65,56,66,271,362,235,172,297,179,81
90,32,48,82,262,320,211,172,288,163,81
113,54,78,63,1111,2609,239,998,2555,161,82
86,65,62,56,156,567,223,70,502,161,82
95,99,71,47,123,640,199,28,541,128,82
102,70,75,65,130,249,192,28,179,117,82
87,81,61,64,145,655,214,58,574,153,82
91,65,79,72,704,890,223,613,825,144,82
71,63,70,80,663,1084,332,592,1021,262,82
87,74,65,55,239,218,189,152,144,124,82
98,88,63,55,210,234,209,112,146,146,82
86,79,82,65,149,233,209,63,154,127,82
91,66,65,65,161,219,201,70,153,136,82
89,86,56,73,119,224,184,30,138,128,82
82,72,51,73,110,208,184,28,136,133,82
109,65,72,73,146,201,201,37,136,129,82
89,74,70,58,175,676,216,86,602,146,82
94,73,56,65,163,227,200,69,154,144,82
109,76,72,64,116,220,193,7,144,121,82
83,90,73,66,91,218,193,8,128,120,82
96,72,48,48,157,218,193,61,146,145,82
97,54,62,63,267,1040,240,170,986,178,82
87,92,99,84,233,307,264,146,215,165,83
92,69,66,66,121,424,221,29,355,155,83
73,67,91,58,427,380,413,354,313,322,83
58,67,92,46,215,437,565,157,370,473,83
69,75,57,69,198,678,277,129,603,220,83
95,77,59,64,422,389,249,327,312,190,83
83,84,56,72,354,324,257,271,240,201,83
75,57,52,58,644,376,315,569,319,263,83
60,63,78,86,89,206,207,29,143,129,83
60,74,62,52,83,337,530,23,263,468,83
90,49,57,66,103,215,280,13,166,223,83
110,78,82,63,129,277,242,19,199,160,83
84,74,43,57,184,351,1065,100,277,1022,83
84,82,66,62,215,231,249,131,149,183,83
75,63,83,57,407,185,241,332,122,158,83
73,75,39,48,220,225,238,147,150,199,83
75,62,78,79,164,182,202,89,120,124,83
77,62,61,83,138,192,207,61,130,146,83
50,71,76,78,127,185,219,77,114,143,83
64,74,75,68,106,196,220,42,122,145,83
157,166,145,126,782,2650,845,625,2484,700,84
131,133,149,127,731,626,773,600,493,624,84
164,175,141,139,763,726,743,599,551,602,84
139,157,130,124,691,1272,756,552,1115,626,84
89,118,114,92,573,539,698,484,421,584,84
115,140,124,102,692,783,690,577,643,566,84
93,123,115,114,580,723,612,487,600,497,84
93,115,127,113,578,607,706,485,492,579,84
76,75,117,100,577,593,578,501,518,461,84
74,91,90,116,511,520,509,437,429,419,84
98,102,159,107,695,602,578,597,500,419,84
108,117,112,108,574,426,555,466,309,443,84
121,114,134,108,518,393,536,397,279,402,84
108,116,106,107,502,546,477,394,430,371,84
135,117,102,133,529,436,620,394,319,518,84
139,98,73,106,568,955,545,429,857,472,84
75,99,81,83,479,472,541,404,373,460,84
78,66,133,100,482,404,494,404,338,361,84
82,90,101,116,478,485,404,396,395,303,84
85,91,176,84,496,369,520,411,278,344,84
73,87,66,55,655,526,547,582,439,481,85
79,75,56,58,470,515,613,391,440,557,85
79,69,76,37,288,329,311,209,260,235,85
66,78,60,69,182,243,208,116,165,148,85
65,65,69,77,216,198,217,151,133,148,85
64,67,64,68,216,198,205,152,131,141,85
48,62,79,71,293,185,219,245,123,140,85
32,51,92,58,257,150,267,225,99,175,85
58,59,63,61,249,190,227,191,131,164,85
48,82,69,70,216,205,201,168,123,132,85
56,67,73,63,255,204,729,199,137,656,85
60,64,81,70,247,179,477,187,115,396,85
69,76,71,53,267,200,306,198,124,235,85
65,70,58,55,258,194,210,193,124,152,85
52,70,54,71,372,192,184,320,122,130,85
42,74,71,62,249,181,161,207,107,90,85
57,86,70,62,187,187,136,130,101,66,85
48,61,73,101,162,169,136,114,108,63,85
62,77,71,46,185,177,202,123,100,131,85
65,60,77,65,153,145,186,88,85,109,85
68,94,98,107,184,234,265,116,140,167,86
97,96,114,114,527,373,386,430,277,272,86
97,99,132,123,324,281,273,227,182,141,86
81,80,98,98,324,202,373,243,122,275,86
73,90,92,106,171,273,259,98,183,167,86
89,90,115,97,248,610,409,159,520,294,86
96,116,98,83,172,207,240,76,91,142,86
62,71,82,57,667,466,937,605,395,855,86
82,65,91,81,172,181,215,90,116,124,86
73,67,105,107,181,208,289,108,141,184,86
81,90,99,90,172,148,232,91,58,133,86
80,82,109,98,171,122,233,91,40,124,86
81,82,80,92,163,190,222,82,108,142,86
71,81,83,72,162,333,243,91,252,160,86
90,90,99,107,172,173,232,82,83,133,86
73,74,57,58,315,277,256,242,203,199,86
73,65,73,55,214,208,626,141,143,553,86
61,58,72,73,169,166,196,108,108,124,86
71,88,72,90,182,180,191,111,92,119,86
73,82,90,107,164,190,186,91,108,96,86
24,79,87,73,238,740,285,214,661,198,87
67,69,70,52,782,356,426,715,287,356,87
70,52,80,69,200,199,549,130,147,469,87
61,38,71,37,133,159,226,72,121,155,87
77,54,62,61,224,253,401,147,199,339,87
71,61,78,52,411,817,313,340,756,235,87
71,47,69,53,155,474,215,84,427,146,87
70,60,61,62,629,241,254,559,181,193,87
71,82,54,70,163,621,251,92,539,197,87
76,37,43,35,553,412,243,477,375,200,87
66,54,72,65,612,435,713,546,381,641,87
77,46,60,51,153,162,398,76,116,338,87
71,64,54,69,162,158,255,91,94,201,87
61,37,51,70,155,525,260,94,488,209,87
54,36,51,73,129,186,143,75,150,92,87
52,56,54,62,565,164,193,513,108,139,87
53,54,55,62,131,191,228,78,137,173,87
69,55,63,44,162,184,323,93,129,260,87
52,31,71,53,164,236,313,112,205,242,87
58,51,82,71,600,226,190,542,175,108,87
108,67,73,48,372,1798,481,264,1731,408,88
90,75,112,84,836,267,303,746,192,191,88
90,63,78,53,995,687,353,905,624,275,88
73,42,77,62,403,589,314,330,547,237,88
75,68,78,72,314,2679,420,239,2611,342,88
69,72,74,70,327,513,297,258,441,223,88
51,54,76,57,559,723,428,508,669,352,88
71,63,92,71,523,968,287,452,905,195,88
84,70,64,67,505,552,412,421,482,348,88
67,79,81,71,628,626,337,561,547,256,88
63,58,68,61,417,879,308,354,821,240,88
80,63,75,57,402,755,341,322,692,266,88
74,52,57,68,442,629,299,368,577,242,88
83,45,46,61,563,451,355,480,406,309,88
35,43,64,67,528,1104,480,493,1061,416,88
68,58,72,65,639,397,339,571,339,267,88
72,62,69,75,494,329,299,422,267,230,88
49,54,82,72,517,373,328,468,319,246,88
61,51,67,69,513,279,301,452,228,234,88
87,65,87,66,478,522,365,391,457,278,88
49,84,69,70,521,707,508,472,623,439,89
77,86,70,63,639,1485,549,562,1399,479,89
81,83,87,68,664,1339,577,583,1256,490,89
67,65,78,65,583,714,520,516,649,442,89
46,77,75,70,524,572,496,478,495,421,89
94,72,76,89,555,757,460,461,685,384,89
77,95,92,64,700,679,535,623,584,443,89
77,103,77,70,717,866,449,640,763,372,89
60,74,87,66,1797,1754,545,1737,1680,458,89
83,67,105,95,640,648,509,557,581,404,89
73,81,73,69,444,500,378,371,419,305,89
68,84,82,62,813,569,470,745,485,388,89
77,77,77,130,509,551,413,432,474,336,89
70,78,87,92,499,490,429,429,412,342,89
66,67,91,73,498,521,439,432,454,348,89
82,53,75,52,471,529,431,389,476,356,89
74,92,82,102,433,486,412,359,394,330,89
72,72,81,77,451,595,625,379,523,544,89
84,70,86,86,438,484,409,354,414,323,89
66,68,80,93,413,467,371,347,399,291,89
58,45,60,124,249,530,315,191,485,255,90
74,54,70,46,340,514,214,266,460,144,90
48,82,73,59,176,266,173,128,184,100,90
63,60,72,55,160,164,185,97,104,113,90
31,48,62,64,186,160,147,155,112,85,90
59,78,54,47,153,202,130,94,124,76,90
50,43,78,49,159,145,132,109,102,54,90
62,71,70,72,192,222,133,130,151,63,90
45,45,96,47,139,153,144,94,108,48,90
81,47,33,54,167,327,102,86,280,69,90
78,44,64,41,189,201,136,111,157,72,90
70,70,67,68,133,174,120,63,104,53,90
69,41,51,61,137,197,108,68,156,57,90
63,44,86,54,163,142,151,100,98,65,90
85,56,69,74,155,170,181,70,114,112,90
48,60,63,29,171,220,197,123,160,134,90
58,55,75,64,156,280,241,98,225,166,90
69,61,95,87,135,155,116,66,94,21,90
62,46,74,57,143,131,158,81,85,84,90
37,44,46,51,164,174,147,127,130,101,90
44,61,70,46,817,1734,441,773,1673,371,91
45,68,64,36,560,1223,401,515,1155,337,91
46,52,65,38,450,716,283,404,664,218,91
54,54,78,44,367,1233,792,313,1179,714,91
54,46,64,46,517,1209,274,463,1163,210,91
53,46,45,46,382,268,199,329,222,154,91
45,45,46,71,266,274,150,221,229,104,91
64,62,51,46,259,218,164,195,156,113,91
53,64,46,55,232,200,150,179,136,104,91
45,53,53,55,217,183,149,172,130,96,91
54,47,64,58,249,184,159,195,137,95,91
59,70,43,68,225,201,149,166,131,106,91
54,45,46,38,241,192,158,187,147,112,91
65,55,53,54,249,276,150,184,221,97,91
44,54,53,64,232,183,150,188,129,97,91
64,63,52,55,249,318,173,185,255,121,91
44,45,69,63,282,200,174,238,155,105,91
46,56,54,53,258,208,168,212,152,114,91
54,64,54,55,283,225,175,229,161,121,91
54,54,45,61,249,209,166,195,155,121,91
79,130,125,109,121,361,1113,42,231,988,92
67,101,105,128,122,286,283,55,185,178,92
78,105,107,111,346,277,661,268,172,554,92
91,103,109,125,134,298,255,43,195,146,92
79,118,105,111,139,279,232,60,161,127,92
73,93,111,114,139,255,263,66,162,152,92
81,91,98,112,105,240,211,24,149,113,92
88,80,97,113,106,241,223,18,161,126,92
77,98,112,89,121,302,1070,44,204,958,92
82,95,87,123,95,247,180,13,152,93,92
80,100,98,104,98,265,255,18,165,157,92
60,94,104,113,119,446,295,59,352,191,92
71,93,91,110,153,536,318,82,443,227,92
91,121,104,117,146,381,410,55,260,306,92
98,119,94,105,197,433,388,99,314,294,92
98,103,105,104,133,290,335,35,187,230,92
108,110,102,125,142,307,599,34,197,497,92
89,111,118,114,115,264,255,26,153,137,92
122,116,86,103,145,300,693,23,184,607,92
121,116,96,117,125,466,208,4,350,112,92
81,86,78,74,1081,1993,1284,1000,1907,1206,93
91,94,82,58,7479,1092,1982,7388,998,1900,93
50,47,48,74,2647,1956,2082,2597,1909,2034,93
68,73,56,63,3317,726,2522,3249,653,2466,93
91,102,111,80,757,804,1662,666,702,1551,93
67,50,48,58,560,562,1824,493,512,1776,93
85,82,63,65,697,1515,810,612,1433,747,93
65,75,77,76,686,1670,989,621,1595,912,93
93,72,60,93,799,667,1088,706,595,1028,93
75,69,62,77,687,632,990,612,563,928,93
58,75,74,80,628,1381,1092,570,1306,1018,93
85,71,73,71,667,1731,1464,582,1660,1391,93
69,75,47,78,1234,538,638,1165,463,591,93
101,78,80,93,515,592,532,414,514,452,93
85,83,72,72,578,522,527,493,439,455,93
74,114,68,94,562,1384,1062,488,1270,994,93
87,69,75,70,2730,562,716,2643,493,641,93
53,78,85,82,1011,536,515,958,458,430,93
73,85,94,99,455,478,905,382,393,811,93
75,66,1,40,560,1168,2951,485,1102,2950,93
59,63,96,58,541,801,275,482,738,179,94
53,64,104,63,180,197,180,127,133,76,94
55,55,94,64,180,198,187,125,143,93,94
54,88,96,42,180,213,208,126,125,112,94
78,62,97,64,179,204,198,101,142,101,94
79,71,80,63,221,720,181,142,649,101,94
62,75,95,71,226,849,197,164,774,102,94
72,78,46,70,235,417,248,163,339,202,94
63,72,87,54,198,222,279,135,150,192,94
68,95,104,69,220,238,283,152,143,179,94
38,63,106,71,228,272,256,190,209,150,94
62,60,95,70,240,236,247,178,176,152,94
79,123,106,86,230,205,274,151,82,168,94
78,103,105,59,239,229,274,161,126,169,94
96,95,89,68,248,228,267,152,133,178,94
87,97,88,86,205,297,265,118,200,177,94
95,63,88,63,221,163,189,126,100,101,94
81,80,96,88,179,189,388,98,109,292,94
89,81,116,55,181,163,181,92,82,65,94
70,72,88,53,155,146,148,85,74,60,94
80,72,77,107,179,211,207,99,139,130,95
123,75,69,69,142,747,250,19,672,181,95
88,99,92,94,139,409,325,51,310,233,95
89,91,71,68,170,239,221,81,148,150,95
90,114,87,77,134,163,161,44,49,74,95
86,63,78,90,134,118,155,48,55,77,95
87,77,58,73,116,135,94,29,58,36,95
114,60,79,98,122,92,131,8,32,52,95
83,69,63,74,113,126,132,30,57,69,95
94,91,66,108,129,138,168,35,47,102,95
115,56,63,87,148,103,122,33,47,59,95
104,62,58,89,127,129,111,23,67,53,95
83,95,60,84,150,121,178,67,26,118,95
94,78,72,72,123,122,136,29,44,64,95
74,93,78,87,101,157,138,27,64,60,95
97,65,94,78,129,128,125,32,63,31,95
107,98,74,76,148,151,112,41,53,38,95
68,99,64,67,123,135,93,55,36,29,95
99,86,79,89,114,127,120,15,41,41,95
85,98,71,71,133,131,108,48,33,37,95
1,24,17,8,763,885,563,762,861,546,96
6,3,8,2,605,571,492,599,568,484,96
4,5,4,10,489,577,313,485,572,309,96
8,12,5,13,835,569,431,827,557,426,96
8,9,7,4,501,576,435,493,567,428,96
17,13,10,7,393,476,407,376,463,397,96
11,1,12,6,369,426,268,358,425,256,96
10,4,1,6,455,409,250,445,405,249,96
9,8,12,7,360,348,283,351,340,271,96
6,7,12,1,335,558,19,329,551,7,96
10,15,12,0,375,591,26,365,576,14,96
6,10,10,2,591,711,16,585,701,6,96
7,6,3,1,320,654,10,313,648,7,96
8,2,2,1,359,580,8,351,578,6,96
4,7,5,7,367,552,24,363,545,19,96
7,7,16,1,346,584,24,339,577,8,96
5,13,12,12,363,443,285,358,430,273,96
3,19,1,0,386,402,6,383,383,5,96
7,5,3,4,523,557,258,516,552,255,96
7,8,13,14,454,350,292,447,342,279,96
41,60,69,61,271,415,383,230,355,314,97
57,51,59,52,231,441,241,174,390,182,97
50,58,50,53,233,401,238,183,343,188,97
59,60,59,60,216,367,240,157,307,181,97
52,69,68,77,234,292,249,182,223,181,97
76,62,77,70,263,359,232,187,297,155,97
42,58,68,52,391,323,292,349,265,224,97
50,60,67,53,248,367,333,198,307,266,97
66,68,57,68,274,311,280,208,243,223,97
66,61,50,52,240,269,256,174,208,206,97
51,66,77,59,234,289,234,183,223,157,97
42,58,59,60,218,241,223,176,183,164,97
62,69,69,70,224,258,207,162,189,138,97
49,59,68,77,208,224,208,159,165,140,97
51,77,77,78,183,206,209,132,129,132,97
50,77,85,78,181,217,207,131,140,122,97
51,51,68,68,209,199,191,158,148,123,97
33,68,50,51,265,251,224,232,183,174,97
75,59,53,51,250,272,234,175,213,181,97
60,59,60,69,258,341,191,198,282,131,97
56,70,81,86,435,444,1440,379,374,1359,98
85,79,83,89,400,347,354,315,268,271,98
58,80,90,79,263,167,253,205,87,163,98
71,80,103,79,282,178,243,211,98,140,98
69,79,81,71,1691,129,589,1622,50,508,98
70,77,79,86,1089,198,326,1019,121,247,98
73,69,90,90,388,257,292,315,188,202,98
72,87,96,69,848,171,740,776,84,644,98
62,69,80,81,1434,206,259,1372,137,179,98
60,58,86,87,788,173,316,728,115,230,98
55,56,78,78,1008,187,275,953,131,197,98
74,79,89,88,322,183,176,248,104,87,98
81,97,71,71,313,402,611,232,305,540,98
61,70,69,73,400,185,164,339,115,95,98
52,80,82,73,246,134,176,194,54,94,98
74,89,73,70,286,192,220,212,103,147,98
57,76,77,89,280,227,272,223,151,195,98
67,103,77,49,249,503,1961,182,400,1884,98
69,64,72,88,301,158,200,232,94,128,98
52,69,52,88,274,167,225,222,98,173,98
60,60,43,50,244,232,178,184,172,135,99
70,78,73,40,291,428,817,221,350,744,99
81,40,41,36,285,267,182,204,227,141,99
71,67,58,41,214,218,159,143,151,101,99
81,67,65,32,247,228,194,166,161,129,99
74,61,56,60,240,456,364,166,395,308,99
82,52,57,43,248,246,217,166,194,160,99
91,37,63,56,280,216,225,189,179,162,99
65,58,47,39,243,264,323,178,206,276,99
71,52,69,55,423,301,314,352,249,245,99
93,58,57,51,228,216,158,135,158,101,99
74,50,67,42,241,227,182,167,177,115,99
60,58,47,30,227,254,194,167,196,147,99
64,56,55,40,251,244,180,187,188,125,99
92,45,29,36,275,242,158,183,197,129,99
77,18,47,44,258,249,161,181,231,114,99
77,41,68,52,267,249,179,190,208,111,99
80,48,59,70,310,295,539,230,247,480,99
81,43,67,55,240,202,189,159,159,122,99
65,51,36,50,230,396,409,165,345,373,99
36,30,45,42,608,544,689,572,514,644,100
34,57,46,53,413,424,854,379,367,808,100
51,50,65,28,320,317,659,269,267,594,100
44,32,60,59,365,346,523,321,314,463,100
54,53,61,15,343,299,535,289,246,474,100
36,54,80,47,333,325,437,297,271,357,100
29,56,70,36,298,313,459,269,257,389,100
55,36,71,52,346,307,488,291,271,417,100
29,51,53,37,352,351,385,323,300,332,100
57,89,46,45,269,286,303,212,197,257,100
54,54,70,16,262,226,322,208,172,252,100
37,75,70,55,231,246,293,194,171,223,100
36,45,72,45,325,232,345,289,187,273,100
35,47,70,56,342,259,576,307,212,506,100
40,60,85,43,373,317,460,333,257,375,100
20,39,89,44,343,276,454,323,237,365,100
27,63,90,38,359,257,428,332,194,338,100
30,37,80,30,321,232,412,291,195,332,100
31,54,88,21,328,259,436,297,205,348,100
37,39,87,37,342,268,444,305,229,357,100
88,94,102,116,792,1620,981,704,1526,879,101
74,99,120,86,945,941,349,871,842,229,101
102,109,135,90,1816,761,364,1714,652,229,101
71,83,139,107,581,550,362,510,467,223,101
84,96,133,117,383,619,233,299,523,100,101
108,91,153,106,726,629,200,618,538,47,101
94,112,107,115,600,634,148,506,522,41,101
83,95,124,113,310,557,144,227,462,20,101
105,73,123,115,514,624,141,409,551,18,101
93,82,127,110,459,866,257,366,784,130,101
91,85,157,86,447,566,213,356,481,56,101
84,102,139,94,548,799,420,464,697,281,101
100,102,146,143,483,818,230,383,716,84,101
102,93,138,92,676,955,286,574,862,148,101
88,92,121,56,678,525,365,590,433,244,101
92,99,127,97,946,601,219,854,502,92,101
111,96,131,106,465,470,186,354,374,55,101
101,110,123,116,647,616,194,546,506,71,101
100,89,152,108,648,480,157,548,391,5,101
114,95,149,105,435,538,198,321,443,49,101
54,56,56,73,171,192,159,117,136,103,102
37,58,79,67,189,128,149,152,70,70,102
77,62,80,57,206,258,490,129,196,410,102
51,64,64,63,213,201,267,162,137,203,102
64,39,73,56,267,191,408,203,152,335,102
63,63,97,71,225,166,433,162,103,336,102
64,66,81,80,176,317,135,112,251,54,102
67,72,39,56,246,159,358,179,87,319,102
54,73,89,90,175,150,425,121,77,336,102
63,73,57,82,208,165,301,145,92,244,102
72,64,87,63,258,236,440,186,172,353,102
81,65,56,72,239,143,335,158,78,279,102
64,79,90,97,225,198,418,161,119,328,102
62,79,80,71,159,157,233,97,78,153,102
64,80,91,90,186,183,332,122,103,241,102
73,74,71,64,185,161,373,112,87,302,102
70,73,64,82,206,151,217,136,78,153,102
42,65,48,65,154,151,167,112,86,119,102
63,56,91,110,208,598,269,145,542,178,102
63,72,39,80,160,191,151,97,119,112,102
106,94,129,144,397,1699,2001,291,1605,1872,103
114,112,95,111,269,334,300,155,222,205,103
112,111,112,111,267,283,250,155,172,138,103
112,110,96,128,300,283,217,188,173,121,103
111,95,78,112,282,284,149,171,189,71,103
112,95,78,111,267,267,200,155,172,122,103
111,95,79,110,283,266,234,172,171,155,103
95,112,78,127,266,284,200,171,172,122,103
111,92,79,111,285,264,200,174,172,121,103
94,95,79,127,266,250,234,172,155,155,103
111,111,95,112,300,466,467,189,355,372,103
111,95,79,110,316,283,351,205,188,272,103
95,115,95,145,263,287,216,168,172,121,103
128,111,79,127,266,283,184,138,172,105,103
95,111,79,128,300,299,217,205,188,138,103
78,112,79,110,282,284,250,204,172,171,103
95,111,95,127,251,282,284,156,171,189,103
95,128,79,110,267,266,234,172,138,155,103
111,111,78,111,250,300,183,139,189,105,103
112,115,78,111,213,271,216,101,156,138,103
63,102,68,75,196,1739,862,133,1637,794,104
60,78,59,86,243,1128,452,183,1050,393,104
73,102,85,68,209,203,1090,136,101,1005,104
83,92,77,60,229,409,255,146,317,178,104
86,70,69,68,203,162,213,117,92,144,104
75,58,59,76,213,152,194,138,94,135,104
90,90,69,70,219,176,211,129,86,142,104
83,87,70,68,193,179,213,110,92,143,104
75,77,85,76,194,170,203,119,93,118,104
70,79,78,79,178,171,194,108,92,116,104
65,103,104,84,176,177,666,111,74,562,104
57,74,69,77,228,184,212,171,110,143,104
85,120,84,96,680,312,277,595,192,193,104
76,94,77,77,418,212,262,342,118,185,104
114,68,80,77,217,169,213,103,101,133,104
74,86,78,88,197,195,228,123,109,150,104
75,97,94,95,190,173,211,115,76,117,104
87,77,80,93,222,201,198,135,124,118,104
92,92,86,77,503,193,212,411,101,126,104
89,95,94,92,202,172,229,113,77,135,104
42,50,55,56,811,940,1460,769,890,1405,105
46,53,69,33,1123,719,978,1077,666,909,105
42,59,55,64,736,414,700,694,355,645,105
47,51,54,51,539,365,487,492,314,433,105
55,62,54,69,579,602,485,524,540,431,105
40,51,54,62,591,398,461,551,347,407,105
51,52,49,62,600,520,438,549,468,389,105
52,54,54,63,540,619,389,488,565,335,105
60,67,54,54,620,431,452,560,364,398,105
52,53,54,57,668,550,424,616,497,370,105
54,51,61,50,638,382,629,584,331,568,105
56,64,61,60,517,480,460,461,416,399,105
53,50,56,59,546,419,373,493,369,317,105
45,46,61,47,532,385,465,487,339,404,105
59,53,46,58,566,428,345,507,375,299,105
58,56,54,62,564,384,276,506,328,222,105
53,44,65,56,492,391,325,439,347,260,105
53,61,54,56,451,357,267,398,296,213,105
53,72,62,60,425,384,329,372,312,267,105
48,53,60,54,623,384,417,575,331,357,105
128,102,62,104,273,1176,1424,145,1074,1362,106
60,82,100,87,294,358,340,234,276,240,106
98,122,124,84,285,265,317,187,143,193,106
116,103,113,81,261,300,700,145,197,587,106
142,115,126,96,698,418,849,556,303,723,106
126,152,178,142,348,358,717,222,206,539,106
113,114,138,130,247,303,419,134,189,281,106
138,136,125,122,276,306,516,138,170,391,106
99,90,162,113,269,268,460,170,178,298,106
133,127,109,94,446,461,410,313,334,301,106
64,106,95,90,181,183,301,117,77,206,106
82,83,85,82,191,153,407,109,70,322,106
84,67,93,74,192,194,354,108,127,261,106
84,67,95,72,210,144,282,126,77,187,106
90,84,77,98,225,182,404,135,98,327,106
69,91,94,94,208,150,192,139,59,98,106
79,111,94,74,267,197,348,188,86,254,106
125,82,92,66,262,155,220,137,73,128,106
104,98,84,113,201,222,192,97,124,108,106
10,105,76,76,115,211,173,105,106,97,106
98,115,98,105,190,259,216,92,144,118,107
57,90,82,90,166,216,216,109,126,134,107
91,98,81,99,216,233,208,125,135,127,107
82,90,73,73,224,258,545,142,168,472,107
80,107,74,89,239,282,309,159,175,235,107
90,74,74,82,232,241,216,142,167,142,107
90,115,90,115,232,283,224,142,168,134,107
41,88,81,98,210,264,199,169,176,118,107
71,78,82,116,200,229,241,129,151,159,107
98,100,89,106,207,268,207,109,168,118,107
74,107,88,98,200,268,272,126,161,184,107
65,99,57,106,241,283,217,176,184,160,107
89,122,81,81,267,330,275,178,208,194,107
66,89,86,115,241,268,305,175,179,219,107
65,98,98,114,174,225,225,109,127,127,107
82,90,74,99,225,241,216,143,151,142,107
74,141,81,114,183,300,242,109,159,161,107
56,106,91,114,199,265,234,143,159,143,107
67,123,107,115,219,330,291,152,207,184,107
72,74,73,98,256,275,232,184,201,159,107
68,65,57,56,362,585,368,294,520,311,108
56,57,72,65,282,245,207,226,188,135,108
56,65,66,54,150,242,197,94,177,131,108
65,53,65,57,564,447,167,499,394,102,108
56,74,56,49,124,285,200,68,211,144,108
38,58,58,60,131,209,168,93,151,110,108
64,65,65,60,140,276,332,76,211,267,108
65,64,48,57,227,467,158,162,403,110,108
65,74,63,66,241,680,189,176,606,126,108
66,40,48,48,193,218,300,127,178,252,108
64,57,40,41,216,234,192,152,177,152,108
65,66,57,41,200,284,201,135,218,144,108
40,74,57,49,233,260,200,193,186,143,108
58,76,64,49,151,244,166,93,168,102,108
75,51,74,57,209,184,193,134,133,119,108
58,32,57,58,211,234,184,153,202,127,108
48,65,66,58,141,217,150,93,152,84,108
56,52,56,57,1475,213,225,1419,161,169,108
65,45,56,48,989,190,209,924,145,153,108
57,65,74,58,175,200,192,118,135,118,108
128,106,98,124,404,625,532,276,519,434,109
123,89,82,82,241,398,417,118,309,335,109
106,83,81,64,364,367,401,258,284,320,109
108,72,50,74,209,273,392,101,201,342,109
91,91,91,64,283,300,460,192,209,369,109
106,82,80,73,182,260,359,76,178,279,109
73,101,81,73,175,325,509,102,224,428,109
108,73,74,89,393,291,310,285,218,236,109
82,92,81,89,274,343,384,192,251,303,109
107,79,56,109,234,290,241,127,211,185,109
96,80,74,99,232,298,224,136,218,150,109
99,80,90,91,210,275,290,111,195,200,109
116,64,91,72,261,257,326,145,193,235,109
99,64,80,82,244,292,432,145,228,352,109
88,64,82,83,233,299,266,145,235,184,109
126,74,75,107,218,500,258,92,426,183,109
66,74,72,89,275,252,257,209,178,185,109
83,74,74,82,268,283,266,185,209,192,109
89,63,74,133,259,264,275,170,201,201,109
97,73,65,89,415,400,259,318,327,194,109
86,58,77,54,312,316,343,226,258,266,110
95,97,70,48,265,530,307,170,433,237,110
104,89,86,30,275,336,336,171,247,250,110
103,80,95,75,317,312,287,214,232,192,110
96,80,89,81,275,276,276,179,196,187,110
89,81,83,75,253,290,286,164,209,203,110
88,74,90,82,247,277,285,159,203,195,110
101,76,83,97,260,260,238,159,184,155,110
94,89,80,104,264,269,228,170,180,148,110
116,88,83,87,270,307,238,154,219,155,110
103,81,91,98,275,267,227,172,186,136,110
76,60,57,65,258,280,246,182,220,189,110
98,73,56,76,235,259,240,137,186,184,110
88,87,92,105,234,254,239,146,167,147,110
79,77,101,90,252,245,246,173,168,145,110
87,96,95,88,226,262,248,139,166,153,110
95,98,88,62,224,246,259,129,148,171,110
73,81,87,73,211,237,256,138,156,169,110
69,86,64,82,191,285,217,122,199,153,110
65,81,92,85,195,241,231,130,160,139,110
90,90,73,81,584,560,493,494,470,420,111
72,89,89,73,425,376,417,353,287,328,111
73,58,90,82,426,309,350,353,251,260,111
81,73,89,82,392,317,334,311,244,245,111
73,65,90,73,392,284,334,319,219,244,111
89,81,90,73,359,275,293,270,194,203,111
64,74,90,73,291,267,284,227,193,194,111
97,39,82,47,350,250,368,253,211,286,111
22,64,82,48,351,266,326,329,202,244,111
81,57,72,47,450,335,342,369,278,270,111
72,48,81,73,358,259,300,286,211,219,111
81,57,97,64,358,243,292,277,186,195,111
48,73,91,39,333,267,310,285,194,219,111
72,64,91,31,342,258,318,270,194,227,111
72,49,97,46,333,235,285,261,186,188,111
72,57,89,56,300,234,292,228,177,203,111
64,56,81,57,301,250,317,237,194,236,111
65,64,65,39,326,250,284,261,186,219,111
81,56,88,57,342,227,282,261,171,194,111
89,72,88,49,326,234,274,237,162,186,111
101,80,88,105,614,1052,576,513,972,488,112
112,79,84,95,283,989,340,171,910,256,112
116,81,88,95,150,518,453,34,437,365,112
91,114,90,97,287,549,578,196,435,488,112
108,88,82,98,235,542,235,127,454,153,112
120,70,75,105,233,455,336,113,385,261,112
129,97,106,106,248,442,426,119,345,320,112
106,97,107,97,219,340,453,113,243,346,112
89,71,75,107,152,263,244,63,192,169,112
88,88,64,97,158,250,276,70,162,212,112
85,78,73,101,483,323,268,398,245,195,112
121,105,89,96,164,250,285,43,145,196,112
85,92,80,105,197,260,259,112,168,179,112
112,91,108,104,172,359,254,60,268,146,112
113,97,76,96,139,225,561,26,128,485,112
103,99,94,90,213,322,196,110,223,102,112
116,98,73,99,134,217,442,18,119,369,112
120,70,68,73,149,803,129,29,733,61,112
99,81,66,99,135,237,447,36,156,381,112
112,102,78,89,173,730,306,61,628,228,112
