H1,H2,H3,H4,H5,H6,PP1,PP2
61,81,78,231,3268,170,3187,1
79,48,55,221,1528,142,1480,1
70,54,81,214,808,144,754,1
47,39,83,188,351,141,312,1
56,64,68,156,306,100,242,1
69,63,84,189,279,120,216,1
61,64,61,187,429,126,365,1
64,55,75,165,333,101,278,1
78,63,54,174,376,96,313,1
74,75,75,156,335,82,260,1
76,74,65,193,343,117,269,1
38,49,65,179,268,141,219,1
66,47,68,175,282,109,235,1
56,80,73,166,291,110,211,1
64,64,39,165,310,101,246,1
40,54,64,174,474,134,420,1
64,63,76,166,289,102,226,1
56,49,74,172,292,116,243,1
39,58,57,175,232,136,174,1
74,59,65,165,286,91,227,1
97,100,48,374,349,277,249,2
95,67,56,273,261,178,194,2
80,81,74,320,783,240,702,2
73,79,66,267,286,194,207,2
109,84,82,397,530,288,446,2
83,64,82,317,478,234,414,2
56,87,84,274,391,218,304,2
105,59,81,281,207,176,148,2
100,67,54,270,251,170,184,2
94,66,68,276,195,182,129,2
81,89,83,263,204,182,115,2
95,54,59,280,187,185,133,2
87,54,71,1443,206,1356,152,2
86,72,54,264,241,178,169,2
51,48,59,256,212,205,164,2
62,51,55,280,214,218,163,2
85,61,61,257,223,172,162,2
83,65,84,256,221,173,156,2
112,55,71,297,208,185,153,2
87,60,69,258,215,171,155,2
89,75,57,265,285,176,210,3
91,91,56,233,267,142,176,3
72,94,74,112,236,40,142,3
72,74,57,132,201,60,127,3
72,74,72,149,201,77,127,3
73,76,89,132,201,59,125,3
90,80,73,110,223,20,143,3
72,58,58,183,183,111,125,3
71,78,91,128,187,57,109,3
56,77,91,95,187,39,110,3
90,74,74,383,200,293,126,3
91,73,76,150,197,59,124,3
72,69,72,169,181,97,112,3
89,61,91,128,187,39,126,3
94,45,72,110,172,16,127,3
72,59,90,113,187,41,128,3
72,55,91,133,183,61,128,3
70,63,57,110,189,40,126,3
57,78,105,96,172,39,94,3
90,79,74,109,190,19,111,3
70,80,82,368,195,298,115,4
95,105,78,416,199,321,94,4
66,100,90,232,175,166,75,4
85,67,83,384,166,299,99,4
88,85,73,512,196,424,111,4
89,98,55,334,216,245,118,4
75,66,86,287,265,212,199,4
85,89,87,265,164,180,75,4
69,74,83,208,138,139,64,4
80,90,83,244,186,164,96,4
99,95,99,236,183,137,88,4
92,95,91,241,174,149,79,4
92,100,92,235,189,143,89,4
88,102,91,248,205,160,103,4
112,97,100,811,185,699,88,4
97,87,96,282,181,185,94,4
92,113,115,285,181,193,68,4
101,91,100,275,193,174,102,4
86,104,93,279,200,193,96,4
98,86,69,307,208,209,122,4
110,104,124,700,1029,590,925,5
137,94,129,551,390,414,296,5
124,100,156,293,358,169,258,5
137,110,148,1033,3050,896,2940,5
129,118,137,351,405,222,287,5
140,122,144,351,401,211,279,5
119,129,149,366,471,247,342,5
139,137,113,308,507,169,370,5
154,113,130,473,374,319,261,5
121,95,110,401,1615,280,1520,5
123,103,148,383,357,260,254,5
128,101,137,434,580,306,479,5
146,96,135,474,1332,328,1236,5
119,98,128,304,677,185,579,5
156,118,113,309,499,153,381,5
120,93,154,344,288,224,195,5
110,117,139,286,335,176,218,5
139,116,136,271,386,132,270,5
114,116,129,348,393,234,277,5
178,87,107,615,445,437,358,5
88,83,109,312,260,224,177,6
78,77,123,318,241,240,164,6
81,82,93,248,164,167,82,6
82,96,97,320,308,238,212,6
73,98,86,195,212,122,114,6
85,79,81,250,262,165,183,6
77,75,76,218,147,141,72,6
98,98,102,200,183,102,85,6
58,77,86,225,198,167,121,6
80,107,80,571,274,491,167,6
96,86,62,199,281,103,195,6
73,96,58,140,207,67,111,6
107,90,58,179,178,72,88,6
72,91,85,194,225,122,134,6
75,103,85,176,366,101,263,6
85,112,76,154,213,69,101,6
90,63,90,200,179,110,116,6
81,108,89,223,241,142,133,6
89,95,96,219,228,130,133,6
103,87,85,209,198,106,111,6
71,147,71,339,1377,268,1230,7
125,117,107,345,485,220,368,7
126,94,98,1017,476,891,382,7
104,95,111,316,318,212,223,7
71,130,73,527,738,456,608,7
102,122,98,694,593,592,471,7
61,98,122,146,316,85,218,7
72,90,98,256,332,184,242,7
46,57,62,484,302,438,245,7
89,82,100,461,250,372,168,7
79,137,105,762,281,683,144,7
73,96,101,177,346,104,250,7
72,56,81,346,308,274,252,7
73,114,96,259,309,186,195,7
63,91,81,189,267,126,176,7
93,89,101,180,271,87,182,7
69,116,105,867,349,798,233,7
71,102,108,681,295,610,193,7
92,52,73,844,797,752,745,7
78,108,101,194,877,116,769,7
107,86,86,276,932,169,846,8
93,74,104,209,775,116,701,8
76,53,90,160,213,84,160,8
73,83,101,164,331,91,248,8
82,62,64,124,433,42,371,8
71,78,75,213,869,142,791,8
67,81,76,401,736,334,655,8
61,81,76,206,318,145,237,8
74,68,79,217,399,143,331,8
104,94,122,364,559,260,465,8
74,77,91,434,686,360,609,8
64,84,141,328,623,264,539,8
84,81,83,202,300,118,219,8
95,79,104,184,258,89,179,8
68,82,112,254,209,186,127,8
130,85,89,200,726,70,641,8
84,80,104,201,933,117,853,8
104,84,80,166,317,62,233,8
110,94,105,174,262,64,168,8
80,81,77,240,499,160,418,8
60,72,89,245,133,185,61,9
62,79,63,315,141,253,62,9
70,79,80,223,150,153,71,9
54,76,63,201,172,147,96,9
90,96,72,225,191,135,95,9
71,80,97,206,367,135,287,9
87,78,86,199,151,112,73,9
77,88,89,255,157,178,69,9
95,146,116,684,155,589,9,9
122,166,123,681,326,559,160,9
88,123,115,524,208,436,85,9
96,78,81,726,105,630,27,9
79,62,63,258,190,179,128,9
97,117,75,709,148,612,31,9
77,119,149,568,279,491,160,9
96,80,55,659,132,563,52,9
88,125,109,598,149,510,24,9
79,146,89,809,280,730,134,9
29,72,47,355,108,326,36,9
60,88,80,555,115,495,27,9
85,73,92,1003,968,918,895,10
102,69,121,707,638,605,569,10
108,97,128,919,1361,811,1264,10
101,81,100,417,672,316,591,10
98,92,118,922,966,824,874,10
87,89,123,565,689,478,600,10
69,54,72,299,371,230,317,10
72,93,81,276,355,204,262,10
71,91,83,310,424,239,333,10
110,81,98,793,968,683,887,10
70,75,99,318,386,248,311,10
61,101,91,293,367,232,266,10
72,105,103,273,369,201,264,10
79,74,81,309,384,230,310,10
81,72,82,347,337,266,265,10
72,65,92,336,390,264,325,10
71,63,92,292,354,221,291,10
70,63,70,301,323,231,260,10
60,65,79,315,345,255,280,10
72,83,72,272,358,200,275,10
53,55,70,136,1578,83,1523,11
81,64,72,180,453,99,389,11
63,65,63,137,504,74,439,11
97,45,64,182,327,85,282,11
70,54,78,121,756,51,702,11
38,79,72,270,311,232,232,11
69,80,64,819,561,750,481,11
18,47,80,764,379,746,332,11
105,80,96,493,396,388,316,11
70,63,72,617,511,547,448,11
76,56,63,325,297,249,241,11
68,73,63,316,339,248,266,11
72,74,62,295,297,223,223,11
112,71,78,252,1615,140,1544,11
71,63,76,337,297,266,234,11
79,64,55,344,329,265,265,11
71,80,64,154,354,83,274,11
78,80,72,195,312,117,232,11
77,72,87,210,504,133,432,11
94,80,78,187,346,93,266,11
110,111,103,368,586,258,475,12
87,104,89,215,695,128,591,12
94,88,105,236,276,142,188,12
92,95,86,226,334,134,239,12
115,75,84,250,232,135,157,12
67,86,97,186,247,119,161,12
84,93,95,197,221,113,128,12
73,74,69,204,263,131,189,12
75,85,95,203,233,128,148,12
86,96,89,188,221,102,125,12
65,95,85,212,231,147,136,12
75,84,96,186,222,111,138,12
82,89,101,187,267,105,178,12
89,90,94,181,225,92,135,12
79,76,85,189,223,110,147,12
70,76,87,175,194,105,118,12
80,80,78,182,197,102,117,12
63,78,84,172,199,109,121,12
72,89,80,163,198,91,109,12
70,91,85,186,211,116,120,12
72,107,51,683,626,611,519,13
55,71,108,1165,1121,1110,1050,13
77,81,90,830,658,753,577,13
51,47,59,173,307,122,260,13
82,64,65,951,659,869,595,13
91,81,82,464,494,373,413,13
59,67,87,438,337,379,270,13
59,82,41,439,312,380,230,13
53,39,69,427,399,374,360,13
86,74,63,401,283,315,209,13
62,85,101,340,439,278,354,13
62,95,72,382,312,320,217,13
81,74,49,229,247,148,173,13
87,83,40,260,272,173,189,13
68,60,47,264,259,196,199,13
82,101,117,239,171,157,70,13
91,65,48,496,279,405,214,13
47,65,86,445,320,398,255,13
54,72,47,396,1922,342,1850,13
42,83,101,289,238,247,155,13
42,202,82,190,1225,148,1023,14
55,65,62,129,252,74,187,14
73,74,39,143,322,70,248,14
57,67,56,138,351,81,284,14
39,58,58,134,429,95,371,14
48,57,73,102,262,54,205,14
56,57,81,119,238,63,181,14
49,74,48,98,266,49,192,14
56,57,81,118,229,62,172,14
63,66,65,102,460,39,394,14
64,73,66,127,285,63,212,14
56,57,73,110,311,54,254,14
65,73,64,127,654,62,581,14
57,90,73,104,909,47,819,14
55,66,48,134,712,79,646,14
65,65,73,119,270,54,205,14
65,74,65,127,278,62,204,14
70,65,65,108,311,38,246,14
49,40,55,122,730,73,690,14
46,74,81,118,306,72,232,14
106,118,80,157,462,51,344,15
102,88,100,162,1171,60,1083,15
64,80,93,138,402,74,322,15
96,73,79,133,491,37,418,15
109,89,94,161,549,52,460,15
109,73,87,183,476,74,403,15
104,92,80,143,400,39,308,15
120,94,87,150,438,30,344,15
95,95,87,104,359,9,264,15
103,85,86,128,401,25,316,15
88,79,87,129,459,41,380,15
88,75,79,104,1153,16,1078,15
104,102,95,128,460,24,358,15
95,74,86,133,433,38,359,15
105,93,86,129,636,24,543,15
103,94,87,127,621,24,527,15
120,91,87,138,391,18,300,15
88,93,80,157,1043,69,950,15
87,87,89,104,343,17,256,15
87,87,80,112,395,25,308,15
128,102,62,273,1176,145,1074,16
60,82,100,294,358,234,276,16
98,122,124,285,265,187,143,16
116,103,113,261,300,145,197,16
142,115,126,698,418,556,303,16
126,152,178,348,358,222,206,16
113,114,138,247,303,134,189,16
138,136,125,276,306,138,170,16
99,90,162,269,268,170,178,16
133,127,109,446,461,313,334,16
64,106,95,181,183,117,77,16
82,83,85,191,153,109,70,16
84,67,93,192,194,108,127,16
84,67,95,210,144,126,77,16
90,84,77,225,182,135,98,16
69,91,94,208,150,139,59,16
79,111,94,267,197,188,86,16
125,82,92,262,155,137,73,16
104,98,84,201,222,97,124,16
10,105,76,115,211,105,106,16
61,40,27,415,1532,354,1492,17
59,81,40,317,534,258,453,17
48,48,40,329,535,281,487,17
55,56,76,369,713,314,657,17
54,64,56,279,654,225,590,17
82,43,48,757,439,675,396,17
71,72,31,321,289,250,217,17
56,65,46,297,471,241,406,17
85,64,65,383,305,298,241,17
85,56,81,539,298,454,242,17
83,72,64,373,315,290,243,17
64,77,48,984,449,920,372,17
72,53,64,711,425,639,372,17
81,65,48,469,395,388,330,17
87,57,64,402,495,315,438,17
56,57,68,411,761,355,704,17
71,66,64,351,309,280,243,17
72,65,90,386,267,314,202,17
60,120,73,230,336,170,216,17
73,80,71,256,266,183,186,17
57,94,76,293,373,236,279,18
113,101,88,417,427,304,326,18
75,82,84,366,290,291,208,18
94,85,114,419,304,325,219,18
95,106,92,320,283,225,177,18
92,101,100,427,263,335,162,18
113,112,92,306,354,193,242,18
129,139,139,328,330,199,191,18
108,119,120,248,296,140,177,18
100,107,119,323,335,223,228,18
97,113,122,346,351,249,238,18
95,112,119,366,329,271,217,18
107,114,109,312,297,205,183,18
106,130,110,323,322,217,192,18
120,98,108,359,346,239,248,18
90,122,71,263,310,173,188,18
106,119,88,264,328,158,209,18
121,138,98,330,384,209,246,18
106,116,119,307,277,201,161,18
145,132,112,339,315,194,183,18
57,59,55,784,257,727,198,19
84,61,55,207,259,123,198,19
103,60,74,306,346,203,286,19
80,79,60,214,275,134,196,19
75,65,55,198,249,123,184,19
83,58,56,216,256,133,198,19
70,94,43,649,302,579,208,19
87,63,56,286,281,199,218,19
81,62,64,354,258,273,196,19
113,66,55,282,272,169,206,19
91,53,52,308,276,217,223,19
98,50,57,382,279,284,229,19
73,53,54,339,251,266,198,19
88,60,52,262,249,174,189,19
73,67,52,248,266,175,199,19
106,61,55,354,282,248,221,19
53,69,60,235,261,182,192,19
69,55,48,315,265,246,210,19
87,48,52,274,264,187,216,19
61,50,53,236,257,175,207,19
61,62,40,4116,2137,4055,2075,20
83,98,108,210,1221,127,1123,20
98,80,51,275,374,177,294,20
90,69,72,152,1546,62,1477,20
88,109,89,130,355,42,246,20
81,82,48,123,553,42,471,20
73,74,30,201,520,128,446,20
88,82,65,198,537,110,455,20
88,91,64,148,253,60,162,20
66,57,72,159,387,93,330,20
56,108,66,114,284,58,176,20
88,98,73,156,703,68,605,20
79,105,47,173,587,94,482,20
82,72,71,152,385,70,313,20
79,74,65,416,837,337,763,20
64,57,90,216,259,152,202,20
99,66,68,114,620,15,554,20
83,69,78,132,565,49,496,20
73,55,66,144,601,71,546,20
72,64,49,151,652,79,588,20
70,112,101,721,648,651,536,21
141,88,68,1109,718,968,630,21
109,91,108,1317,641,1208,550,21
99,105,77,604,712,505,607,21
120,89,58,473,1005,353,916,21
107,99,87,830,1048,723,949,21
111,85,69,538,417,427,332,21
98,90,81,576,501,478,411,21
130,90,69,380,389,250,299,21
120,110,38,964,555,844,445,21
119,78,78,544,1087,425,1009,21
100,69,59,1183,452,1083,383,21
120,70,58,393,430,273,360,21
113,58,50,402,371,289,313,21
110,58,80,452,339,342,281,21
120,88,46,402,394,282,306,21
106,78,81,718,376,612,298,21
130,79,68,739,362,609,283,21
111,71,81,433,305,322,234,21
103,71,92,543,360,440,289,21
106,85,91,222,444,116,359,22
67,64,81,233,1463,166,1399,22
62,56,78,237,1336,175,1280,22
82,64,110,220,508,138,444,22
91,93,106,209,1111,118,1018,22
54,56,82,201,315,147,259,22
72,93,73,183,488,111,395,22
61,72,83,208,468,147,396,22
59,65,89,244,1030,185,965,22
33,42,85,210,322,177,280,22
87,82,84,199,286,112,204,22
65,86,74,192,269,127,183,22
87,93,96,196,402,109,309,22
74,84,93,209,421,135,337,22
84,104,84,181,662,97,558,22
93,71,98,213,363,120,292,22
56,56,52,201,370,145,314,22
45,8,53,200,293,155,285,22
84,82,96,203,344,119,262,22
82,74,92,194,660,112,586,22
72,73,76,459,644,387,571,23
82,82,56,319,184,237,102,23
58,62,45,270,143,212,81,23
65,98,50,143,485,78,387,23
75,65,67,245,451,170,386,23
84,92,92,236,228,152,136,23
66,73,56,219,134,153,61,23
60,69,57,232,146,172,77,23
78,79,80,258,510,180,431,23
80,82,47,259,361,179,279,23
48,41,74,458,194,410,153,23
71,67,68,283,149,212,82,23
66,82,73,251,178,185,96,23
65,91,74,293,292,228,201,23
76,55,56,329,493,253,438,23
57,75,73,261,210,204,135,23
90,82,66,234,193,144,111,23
64,74,73,240,469,176,395,23
91,78,71,322,623,231,545,23
64,69,66,246,247,182,178,23
72,89,74,306,241,234,152,24
80,72,88,200,175,120,103,24
63,70,63,200,190,137,120,24
81,72,72,208,183,127,111,24
64,79,70,201,200,137,121,24
72,79,72,225,199,153,120,24
63,84,79,241,201,178,117,24
64,71,71,217,199,153,128,24
64,88,71,201,233,137,145,24
73,79,89,218,191,145,112,24
80,72,71,233,200,153,128,24
87,54,64,232,174,145,120,24
81,79,63,242,233,161,154,24
55,64,71,199,192,144,128,24
80,64,47,226,190,146,126,24
73,65,73,250,199,177,134,24
79,50,72,256,209,177,159,24
81,97,79,217,217,136,120,24
73,63,63,233,200,160,137,24
79,72,64,225,224,146,152,24
132,94,87,495,746,363,652,25
82,64,56,521,779,439,715,25
66,67,48,569,3136,503,3069,25
85,51,72,998,799,913,748,25
70,72,50,401,749,331,677,25
62,74,67,391,1093,329,1019,25
58,49,25,360,995,302,946,25
58,63,27,346,550,288,487,25
40,58,60,401,584,361,526,25
51,69,59,350,495,299,426,25
72,78,33,338,857,266,779,25
81,77,57,397,597,316,520,25
59,98,53,320,480,261,382,25
64,84,69,331,443,267,359,25
39,62,52,347,446,308,384,25
66,62,51,356,488,290,426,25
58,73,63,320,370,262,297,25
66,63,43,330,575,264,512,25
52,77,50,244,588,192,511,25
46,60,76,255,353,209,293,25
37,50,57,344,519,307,469,26
55,61,22,228,223,173,162,26
69,45,46,218,182,149,137,26
76,58,62,218,196,142,138,26
53,63,55,199,191,146,128,26
56,50,71,208,208,152,158,26
68,78,52,181,202,113,124,26
59,60,60,215,202,156,142,26
69,54,41,235,204,166,150,26
69,77,69,193,200,124,123,26
76,86,50,182,203,106,117,26
59,65,53,173,192,114,127,26
55,66,54,175,169,120,103,26
57,52,63,173,164,116,112,26
72,79,62,184,194,112,115,26
56,72,62,172,179,116,107,26
36,77,73,151,181,115,104,26
67,69,59,183,204,116,135,26
62,78,79,177,195,115,117,26
62,71,113,161,188,99,117,26
83,105,84,563,467,480,362,27
88,90,86,389,268,301,178,27
65,98,72,441,267,376,169,27
68,87,106,312,266,244,179,27
94,96,87,282,266,188,170,27
85,70,89,282,241,197,171,27
74,87,88,254,250,180,163,27
97,104,96,290,236,193,132,27
95,98,96,265,241,170,143,27
87,71,110,311,322,224,251,27
106,100,77,317,294,211,194,27
95,88,93,299,255,204,167,27
89,70,87,359,250,270,180,27
84,90,79,305,266,221,176,27
89,89,90,301,231,212,142,27
79,96,90,309,258,230,162,27
96,99,53,290,736,194,637,27
94,81,84,324,268,230,187,27
103,122,89,365,289,262,167,27
97,107,86,393,258,296,151,27
98,78,105,109,781,11,703,28
60,89,105,119,194,59,105,28
60,82,114,163,370,103,288,28
75,73,105,152,142,77,69,28
68,82,87,152,285,84,203,28
60,90,90,120,176,60,86,28
84,73,98,107,194,23,121,28
76,107,79,277,420,201,313,28
71,71,117,243,156,172,85,28
69,107,110,226,148,157,41,28
58,78,98,243,129,185,51,28
76,90,106,259,106,183,16,28
61,72,115,252,149,191,77,28
75,90,115,258,184,183,94,28
86,88,115,261,192,175,104,28
103,107,87,320,588,217,481,28
60,71,70,235,428,175,357,28
70,104,107,246,295,176,191,28
47,80,87,221,195,174,115,28
67,90,100,224,165,157,75,28
53,87,80,333,509,280,422,29
75,56,67,281,1099,206,1043,29
88,61,79,469,878,381,817,29
61,86,96,310,427,249,341,29
78,87,75,294,502,216,415,29
84,98,96,217,363,133,265,29
74,94,87,242,624,168,530,29
71,87,71,329,303,258,216,29
88,79,70,197,304,109,225,29
87,80,89,196,236,109,156,29
77,86,84,197,248,120,162,29
76,95,81,309,278,233,183,29
84,71,80,203,221,119,150,29
60,71,61,194,403,134,332,29
68,88,79,168,610,100,522,29
87,73,87,207,985,120,912,29
75,83,91,200,527,125,444,29
71,97,67,172,293,101,196,29
76,68,87,304,564,228,496,29
79,88,81,284,661,205,573,29
99,105,94,602,540,503,435,30
73,84,66,757,462,684,378,30
76,113,78,450,422,374,309,30
63,80,70,516,389,453,309,30
68,74,69,490,318,422,244,30
70,66,66,638,339,568,273,30
72,71,69,462,457,390,386,30
74,74,63,518,539,444,465,30
80,82,65,500,512,420,430,30
65,83,76,459,403,394,320,30
71,80,63,477,314,406,234,30
73,84,69,451,344,378,260,30
61,78,63,462,357,401,279,30
64,82,69,419,318,355,236,30
68,84,69,486,345,418,261,30
65,80,65,446,287,381,207,30
62,64,63,632,291,570,227,30
74,91,66,709,321,635,230,30
67,84,76,676,303,609,219,30
81,85,83,359,290,278,205,30
81,133,114,973,497,892,364,31
129,128,119,1274,468,1145,340,31
102,145,117,351,526,249,381,31
120,114,95,289,700,169,586,31
103,116,83,352,376,249,260,31
120,110,111,300,439,180,329,31
90,110,104,282,235,192,125,31
94,131,116,391,502,297,371,31
91,107,105,256,463,165,356,31
107,146,122,343,341,236,195,31
98,108,102,343,394,245,286,31
111,117,109,300,286,189,169,31
97,102,128,306,398,209,296,31
85,114,121,217,202,132,88,31
100,135,103,273,225,173,90,31
102,113,106,218,221,116,108,31
106,115,107,251,257,145,142,31
82,100,105,230,197,148,97,31
103,140,108,345,377,242,237,31
112,113,111,280,227,168,114,31
60,33,88,542,602,482,569,32
69,65,61,243,617,174,552,32
82,64,41,223,853,141,789,32
72,57,74,200,879,128,822,32
55,44,71,163,489,108,445,32
73,55,63,181,349,108,294,32
44,59,51,165,404,121,345,32
64,87,55,199,1308,135,1221,32
66,53,69,523,1323,457,1270,32
71,72,46,298,513,227,441,32
79,47,75,241,356,162,309,32
64,71,34,306,534,242,463,32
93,54,54,237,669,144,615,32
65,78,44,220,705,155,627,32
76,54,62,195,353,119,299,32
67,33,80,194,218,127,185,32
57,61,46,183,288,126,227,32
93,56,57,197,209,104,153,32
52,51,71,181,197,129,146,32
44,69,65,150,188,106,119,32
61,48,65,1259,683,1198,635,33
67,55,67,740,347,673,292,33
17,57,67,740,257,723,200,33
57,51,73,289,1082,232,1031,33
75,34,66,673,817,598,783,33
73,56,75,850,715,777,659,33
72,50,73,406,717,334,667,33
83,56,77,1281,481,1198,425,33
25,48,65,549,383,524,335,33
65,57,50,398,390,333,333,33
64,56,67,665,307,601,251,33
59,50,65,399,333,340,283,33
57,58,58,247,409,190,351,33
66,18,64,816,359,750,341,33
74,34,76,366,248,292,214,33
68,73,50,1043,1087,975,1014,33
74,49,67,499,592,425,543,33
49,65,73,290,974,241,909,33
75,64,55,749,2120,674,2056,33
67,42,75,324,690,257,648,33
106,93,87,497,978,391,885,34
53,76,34,363,624,310,548,34
58,42,35,308,735,250,693,34
86,80,63,288,862,202,782,34
61,62,49,253,642,192,580,34
59,28,72,693,404,634,376,34
34,63,71,198,418,164,355,34
53,69,25,293,376,240,307,34
79,83,73,397,452,318,369,34
68,66,51,664,258,596,192,34
52,79,52,274,316,222,237,34
63,81,54,378,316,315,235,34
57,73,52,204,408,147,335,34
82,64,58,299,423,217,359,34
79,57,104,289,583,210,526,34
43,43,70,560,282,517,239,34
82,41,22,652,450,570,409,34
44,32,20,370,306,326,274,34
34,59,76,435,299,401,240,34
44,80,48,413,425,369,345,34
19,55,117,885,472,866,417,35
71,54,67,261,231,190,177,35
73,67,63,227,183,154,116,35
49,68,83,197,176,148,108,35
48,73,89,250,193,202,120,35
76,57,47,227,158,151,101,35
70,48,58,241,157,171,109,35
40,39,59,234,158,194,119,35
69,48,82,250,142,181,94,35
90,67,73,308,184,218,117,35
74,74,71,385,350,311,276,35
85,80,65,203,189,118,109,35
60,47,58,218,174,158,127,35
73,68,59,249,176,176,108,35
73,39,91,291,192,218,153,35
59,59,43,316,183,257,124,35
92,82,70,317,333,225,251,35
92,80,93,242,212,150,132,35
56,40,67,241,181,185,141,35
88,28,52,252,153,164,125,35
59,59,40,151,194,92,135,36
44,47,74,182,209,138,162,36
54,55,56,140,175,86,120,36
32,29,61,160,184,128,155,36
47,62,63,144,168,97,106,36
89,39,49,174,174,85,135,36
61,47,97,1069,729,1008,682,36
71,53,62,176,192,105,139,36
36,56,71,149,176,113,120,36
33,72,36,143,220,110,148,36
65,38,56,178,175,113,137,36
57,46,58,154,180,97,134,36
100,66,58,184,192,84,126,36
57,67,66,167,184,110,117,36
74,49,66,167,159,93,110,36
76,59,64,167,162,91,103,36
43,58,49,145,184,102,126,36
49,83,40,143,226,94,143,36
40,83,49,116,218,76,135,36
50,74,66,160,193,110,119,36
74,82,84,270,364,196,282,37
77,82,89,334,478,257,396,37
81,82,74,252,465,171,383,37
91,92,81,253,338,162,246,37
56,74,90,120,236,64,162,37
55,89,79,164,594,109,505,37
55,71,66,208,501,153,430,37
66,84,93,291,431,225,347,37
88,82,60,263,461,175,379,37
59,84,83,264,466,205,382,37
109,102,56,252,572,143,470,37
65,93,86,282,513,217,420,37
68,81,82,336,457,268,376,37
47,61,92,304,361,257,300,37
101,72,86,250,402,149,330,37
91,93,58,305,563,214,470,37
66,98,78,291,606,225,508,37
67,93,93,260,318,193,225,37
89,79,83,232,305,143,226,37
105,82,72,252,297,147,215,37
47,65,87,536,798,489,733,38
55,57,62,399,654,344,597,38
75,64,71,212,484,137,420,38
88,90,56,199,460,111,370,38
61,87,81,200,324,139,237,38
62,81,79,201,378,139,297,38
73,97,56,227,525,154,428,38
61,30,86,241,353,180,323,38
48,81,56,260,459,212,378,38
77,97,96,190,251,113,154,38
96,81,61,258,879,162,798,38
65,66,53,303,426,238,360,38
81,103,105,289,555,208,452,38
34,62,55,307,574,273,512,38
90,96,39,263,499,173,403,38
81,87,57,254,323,173,236,38
72,78,64,220,332,148,254,38
80,64,65,243,350,163,286,38
81,89,55,235,527,154,438,38
79,95,56,285,500,206,405,38
69,47,66,473,986,404,939,39
60,72,56,319,526,259,454,39
69,56,63,260,397,191,341,39
62,72,63,270,257,208,185,39
59,54,64,456,369,397,315,39
59,64,70,357,331,298,267,39
57,72,50,183,1275,126,1203,39
60,64,56,236,206,176,142,39
65,71,65,182,245,117,174,39
57,72,55,198,339,141,267,39
64,72,55,290,849,226,777,39
72,72,65,190,221,118,149,39
39,64,56,198,206,159,142,39
51,74,56,399,263,348,189,39
77,89,64,219,157,142,68,39
56,80,65,232,173,176,93,39
59,80,72,203,223,144,143,39
50,63,55,168,181,118,118,39
68,80,56,178,190,110,110,39
76,80,55,211,206,135,126,39
60,92,54,723,454,663,362,40
78,95,90,690,395,612,300,40
83,86,83,665,387,582,301,40
84,91,93,581,358,497,267,40
89,71,91,731,289,642,218,40
113,111,77,573,361,460,250,40
99,87,92,659,337,560,250,40
109,82,83,479,342,370,260,40
69,92,106,558,311,489,219,40
106,74,83,578,316,472,242,40
57,99,75,477,325,420,226,40
97,86,84,845,319,748,233,40
89,83,90,466,310,377,227,40
75,99,78,538,364,463,265,40
87,109,83,557,360,470,251,40
87,92,84,490,325,403,233,40
97,100,84,518,290,421,190,40
83,109,89,615,302,532,193,40
66,101,93,536,301,470,200,40
69,78,91,493,322,424,244,40
75,82,98,1443,350,1368,268,41
82,82,81,317,284,235,202,41
81,46,47,235,349,154,303,41
64,64,77,99,1668,35,1604,41
79,87,45,90,543,11,456,41
78,145,79,200,550,122,405,41
94,43,64,285,264,191,221,41
95,62,63,216,267,121,205,41
95,78,63,183,284,88,206,41
78,95,79,166,300,88,205,41
78,94,78,167,300,89,206,41
78,78,46,266,317,188,239,41
95,95,66,333,563,238,468,41
79,78,63,200,334,121,256,41
95,46,79,316,267,221,221,41
112,79,79,266,284,154,205,41
78,95,64,149,367,71,272,41
95,78,79,216,617,121,539,41
129,78,64,234,333,105,255,41
95,95,95,199,300,104,205,41
53,59,70,189,268,136,209,42
76,62,43,144,213,68,151,42
79,60,59,138,214,59,154,42
70,61,61,145,187,75,126,42
60,68,61,129,221,69,153,42
68,62,63,136,187,68,125,42
78,69,59,179,221,101,152,42
61,68,70,172,295,111,227,42
59,54,60,126,180,67,126,42
67,52,50,153,205,86,153,42
68,53,69,161,213,93,160,42
69,62,60,145,213,76,151,42
61,61,72,153,220,92,159,42
70,60,61,138,194,68,134,42
73,62,69,153,214,80,152,42
69,70,70,178,211,109,141,42
74,59,51,193,230,119,171,42
77,70,87,203,221,126,151,42
67,68,69,295,260,228,192,42
61,59,62,498,208,437,149,42
132,64,115,209,257,77,193,43
65,97,105,184,300,119,203,43
87,87,86,184,251,97,164,43
58,63,88,144,261,86,198,43
73,59,97,165,253,92,194,43
80,113,79,183,435,103,322,43
80,56,97,216,561,136,505,43
70,82,100,140,314,70,232,43
71,81,102,139,496,68,415,43
94,85,122,227,288,133,203,43
74,99,83,201,282,127,183,43
72,95,105,252,267,180,172,43
74,104,109,229,287,155,183,43
106,95,86,411,544,305,449,43
91,114,96,211,283,120,169,43
72,70,103,226,227,154,157,43
80,77,124,171,246,91,169,43
90,98,105,202,234,112,136,43
65,97,118,151,347,86,250,43
80,107,95,157,396,77,289,43
63,68,85,712,583,649,515,44
85,18,69,407,467,322,449,44
68,45,52,239,252,171,207,44
85,69,69,508,225,423,156,44
77,53,70,274,167,197,114,44
69,70,78,266,166,197,96,44
44,68,68,333,183,289,115,44
53,80,85,239,178,186,98,44
77,78,86,240,184,163,106,44
63,78,77,208,217,145,139,44
62,95,78,215,209,153,114,44
52,65,94,236,179,184,114,44
68,43,53,282,184,214,141,44
53,69,78,208,158,155,89,44
58,69,63,279,250,221,181,44
51,52,94,290,149,239,97,44
76,70,86,215,209,139,139,44
52,78,69,366,208,314,130,44
51,62,69,198,175,147,113,44
68,69,70,208,241,140,172,44
71,94,59,409,692,338,598,45
79,88,77,1278,408,1199,320,45
76,106,90,304,312,228,206,45
102,111,82,434,353,332,242,45
100,93,55,416,397,316,304,45
86,96,90,374,397,288,301,45
92,98,90,397,382,305,284,45
89,89,88,382,383,293,294,45
79,103,92,385,381,306,278,45
90,106,71,150,351,60,245,45
68,82,65,166,291,98,209,45
87,73,70,180,491,93,418,45
93,95,73,151,371,58,276,45
81,69,88,268,321,187,252,45
99,87,62,244,317,145,230,45
95,83,75,178,331,83,248,45
86,72,81,202,299,116,227,45
61,94,71,175,313,114,219,45
73,90,66,338,359,265,269,45
71,90,73,137,350,66,260,45
63,80,59,200,239,137,159,46
88,77,89,235,332,147,255,46
56,66,76,181,249,125,183,46
74,81,80,217,318,143,237,46
65,64,64,236,668,171,604,46
113,56,73,250,559,137,503,46
72,71,73,226,316,154,245,46
65,64,72,175,184,110,120,46
73,91,106,217,358,144,267,46
67,74,65,283,293,216,219,46
64,74,82,216,316,152,242,46
81,63,72,226,241,145,178,46
64,82,80,190,277,126,195,46
75,83,86,209,244,134,161,46
83,74,93,217,241,134,167,46
65,64,63,193,217,128,153,46
65,53,56,468,324,403,271,46
83,73,89,233,276,150,203,46
74,81,91,242,250,168,169,46
80,79,72,175,191,95,112,46
54,94,83,680,543,626,449,47
62,90,74,475,527,413,437,47
88,99,65,543,549,455,450,47
68,82,116,440,411,372,329,47
74,86,62,751,675,677,589,47
69,89,81,560,505,491,416,47
55,100,100,442,486,387,386,47
46,98,124,877,352,831,254,47
55,90,125,351,535,296,445,47
36,107,99,602,391,566,284,47
44,74,116,365,386,321,312,47
71,91,107,559,486,488,395,47
62,82,98,341,419,279,337,47
55,72,45,788,896,733,824,47
59,82,99,464,461,405,379,47
49,88,116,707,484,658,396,47
59,82,99,456,503,397,421,47
74,82,107,421,387,347,305,47
61,65,91,416,419,355,354,47
56,82,133,395,295,339,213,47
101,123,81,586,358,485,235,48
80,106,90,317,166,237,60,48
86,105,82,297,198,211,93,48
64,111,82,712,171,648,60,48
79,100,81,264,142,185,42,48
89,106,82,293,148,204,42,48
89,88,67,900,182,811,94,48
90,79,82,417,157,327,78,48
81,106,66,359,273,278,167,48
98,95,82,2026,182,1928,87,48
114,106,83,407,157,293,51,48
81,82,64,416,133,335,51,48
80,90,64,483,167,403,77,48
94,97,88,472,125,378,28,48
105,123,72,540,159,435,36,48
115,97,73,543,157,428,60,48
105,89,74,450,175,345,86,48
98,106,65,408,150,310,44,48
90,106,82,433,149,343,43,48
105,92,46,597,195,492,103,48
34,80,79,1077,599,1043,519,49
88,80,96,1289,366,1201,286,49
81,73,97,357,658,276,585,49
72,81,79,234,308,162,227,49
71,87,70,300,383,229,296,49
64,55,79,482,292,418,237,49
56,94,88,253,264,197,170,49
80,90,96,266,300,186,210,49
89,97,82,275,274,186,177,49
80,95,88,243,248,163,153,49
72,86,96,259,240,187,154,49
81,87,108,241,239,160,152,49
73,94,103,1068,259,995,165,49
88,78,87,809,248,721,170,49
77,94,94,250,241,173,147,49
77,71,97,298,298,221,227,49
87,87,93,499,252,412,165,49
63,88,80,257,250,194,162,49
79,79,95,241,258,162,179,49
78,86,88,241,257,163,171,49
89,111,97,727,1019,638,908,50
101,66,74,443,657,342,591,50
96,90,98,696,624,600,534,50
103,51,106,421,350,318,299,50
74,46,91,411,430,337,384,50
88,84,106,324,349,236,265,50
86,66,93,483,295,397,229,50
76,89,92,348,371,272,282,50
74,60,93,671,269,597,209,50
91,74,89,282,292,191,218,50
98,87,77,316,626,218,539,50
87,95,106,403,301,316,206,50
88,78,80,311,332,223,254,50
112,75,90,353,359,241,284,50
92,83,86,377,376,285,293,50
92,60,77,368,313,276,253,50
70,72,75,469,325,399,253,50
114,78,81,330,321,216,243,50
83,89,80,370,480,287,391,50
80,70,82,382,316,302,246,50
96,112,79,165,350,69,238,51
65,81,65,450,334,385,253,51
65,65,45,385,502,320,437,51
46,99,79,347,270,301,171,51
63,81,98,498,316,435,235,51
65,81,65,300,301,235,220,51
62,96,65,700,332,638,236,51
64,79,81,501,1016,437,937,51
50,65,30,417,669,367,604,51
79,63,63,381,351,302,288,51
63,80,80,383,316,320,236,51
80,81,81,1198,334,1118,253,51
47,82,81,415,351,368,269,51
46,65,81,348,267,302,202,51
64,81,47,766,683,702,602,51
47,79,80,499,466,452,387,51
80,64,81,316,249,236,185,51
61,46,65,348,264,287,218,51
78,81,63,230,268,152,187,51
78,96,80,366,265,288,169,51
12,34,71,531,247,519,213,52
97,70,61,565,247,468,177,52
93,75,53,265,205,172,130,52
71,71,69,672,545,601,474,52
72,20,82,290,147,218,127,52
71,72,83,329,212,258,140,52
90,94,57,797,1003,707,909,52
56,48,50,325,266,269,218,52
72,71,73,256,200,184,129,52
49,73,61,275,213,226,140,52
69,64,81,260,229,191,165,52
82,72,83,277,266,195,194,52
92,78,92,279,253,187,175,52
67,75,62,250,257,183,182,52
69,72,70,263,257,194,185,52
59,80,68,235,253,176,173,52
78,59,75,275,250,197,191,52
49,64,63,310,331,261,267,52
71,69,59,291,628,220,559,52
84,72,65,298,286,214,214,52
69,48,51,1072,213,1003,165,53
82,66,51,133,178,51,112,53
131,106,40,281,217,150,111,53
113,71,54,176,182,63,111,53
99,91,67,428,225,329,134,53
88,89,63,223,193,135,104,53
91,83,76,173,175,82,92,53
90,90,82,140,201,50,111,53
106,83,81,173,168,67,85,53
97,95,58,135,228,38,133,53
151,108,55,251,595,100,487,53
98,89,64,252,199,154,110,53
73,106,28,326,268,253,162,53
54,76,76,289,330,235,254,53
96,98,28,250,366,154,268,53
67,98,73,285,209,218,111,53
80,91,66,173,198,93,107,53
86,93,67,278,178,192,85,53
66,81,66,261,148,195,67,53
97,67,66,232,141,135,74,53
73,91,101,271,1754,198,1663,54
87,97,98,217,262,130,165,54
70,81,87,747,409,677,328,54
88,91,97,169,448,81,357,54
99,118,80,136,237,37,119,54
81,90,89,163,201,82,111,54
97,89,90,145,163,48,74,54
79,99,61,254,209,175,110,54
78,101,75,150,180,72,79,54
88,81,73,116,256,28,175,54
89,99,72,135,172,46,73,54
70,78,72,820,216,750,138,54
71,100,62,108,174,37,74,54
81,99,79,164,164,83,65,54
79,92,65,113,146,34,54,54
72,99,57,146,153,74,54,54
87,91,90,114,165,27,74,54
79,88,70,792,217,713,129,54
70,90,64,162,153,92,63,54
73,92,64,273,164,200,72,54
59,55,51,454,1020,395,965,55
69,67,39,269,161,200,94,55
96,77,35,439,308,343,231,55
61,93,62,168,198,107,105,55
77,65,77,114,152,37,87,55
94,78,67,134,543,40,465,55
87,96,63,158,267,71,171,55
55,34,72,139,146,84,112,55
55,75,40,112,202,57,127,55
52,46,53,155,144,103,98,55
79,80,63,150,333,71,253,55
65,51,35,149,284,84,233,55
63,71,33,140,691,77,620,55
51,63,70,153,194,102,131,55
47,66,51,114,182,67,116,55
80,74,56,157,185,77,111,55
67,59,49,108,193,41,134,55
56,72,49,186,205,130,133,55
79,77,54,171,188,92,111,55
51,46,55,137,193,86,147,55
50,71,30,169,824,119,753,56
79,73,32,174,1809,95,1736,56
95,58,53,207,854,112,796,56
80,73,27,158,811,78,738,56
81,66,47,143,307,62,241,56
79,58,48,172,788,93,730,56
105,58,50,156,659,51,601,56
72,57,14,147,1648,75,1591,56
79,56,48,150,2333,71,2277,56
88,65,40,175,959,87,894,56
65,64,49,193,598,128,534,56
63,46,46,176,502,113,456,56
76,75,13,831,716,755,641,56
162,81,46,257,535,95,454,56
80,55,50,274,284,194,229,56
96,71,41,307,324,211,253,56
96,68,56,585,433,489,365,56
75,64,48,503,1013,428,949,56
85,38,60,297,771,212,733,56
70,47,56,265,1044,195,997,56
93,123,109,287,1664,194,1541,57
124,120,121,356,389,232,269,57
130,125,111,327,581,197,456,57
109,104,109,310,473,201,369,57
122,122,130,310,517,188,395,57
108,106,151,349,546,241,440,57
111,111,99,309,529,198,418,57
91,102,141,289,402,198,300,57
104,111,123,343,492,239,381,57
111,105,120,300,393,189,288,57
82,121,111,291,402,209,281,57
108,114,99,338,629,230,515,57
107,80,109,306,465,199,385,57
111,92,142,330,558,219,466,57
122,95,98,295,532,173,437,57
89,105,120,339,290,250,185,57
108,110,112,277,266,169,156,57
110,120,109,290,391,180,271,57
106,112,111,278,269,172,157,57
102,89,111,291,288,189,199,57
86,89,75,268,789,182,700,58
68,71,52,486,518,418,447,58
88,68,61,451,542,363,474,58
88,75,72,327,228,239,153,58
68,64,57,315,192,247,128,58
77,69,57,433,176,356,107,58
95,77,68,464,218,369,141,58
84,59,75,311,245,227,186,58
81,72,60,288,264,207,192,58
86,55,67,571,203,485,148,58
89,67,64,326,237,237,170,58
69,83,65,273,219,204,136,58
71,83,64,250,241,179,158,58
57,61,51,317,304,260,243,58
79,69,69,288,210,209,141,58
70,93,59,264,205,194,112,58
71,57,67,266,185,195,128,58
68,66,67,246,204,178,138,58
71,65,66,300,201,229,136,58
65,65,67,239,161,174,96,58
8,98,98,329,403,321,305,59
89,62,137,1150,330,1061,268,59
76,78,98,461,399,385,321,59
100,50,962,966,383,866,333,59
166,84,106,303,445,137,361,59
99,69,79,243,323,144,254,59
107,107,110,206,289,99,182,59
109,112,90,189,284,80,172,59
79,62,79,216,375,137,313,59
101,84,68,229,290,128,206,59
109,53,97,636,294,527,241,59
130,44,115,249,279,119,235,59
98,109,87,612,304,514,195,59
141,101,92,215,1857,74,1756,59
91,118,88,225,411,134,293,59
80,86,111,183,264,103,178,59
91,102,112,189,277,98,175,59
132,93,78,238,307,106,214,59
106,102,99,206,270,100,168,59
94,137,115,207,315,113,178,59
138,120,135,1944,2106,1806,1986,60
89,105,115,1610,574,1521,469,60
81,97,106,584,1434,503,1337,60
71,63,116,674,2419,603,2356,60
89,49,84,575,2276,486,2227,60
98,108,85,614,583,516,475,60
73,113,96,359,477,286,364,60
73,74,108,642,383,569,309,60
89,81,105,434,392,345,311,60
82,82,102,724,397,642,315,60
63,70,106,1826,365,1763,295,60
58,56,89,484,342,426,286,60
100,73,80,600,594,500,521,60
113,70,79,476,1108,363,1038,60
62,90,97,365,476,303,386,60
63,54,79,875,367,812,313,60
81,63,80,566,384,485,321,60
73,61,81,425,367,352,306,60
82,54,72,470,482,388,428,60
91,97,102,367,359,276,262,60
90,86,88,2698,1377,2608,1291,61
108,96,93,1024,1498,916,1402,61
112,102,117,1398,728,1286,626,61
98,85,104,1102,599,1004,514,61
107,115,103,987,1224,880,1109,61
121,103,99,1107,903,986,800,61
90,93,78,541,406,451,313,61
82,69,84,455,2200,373,2131,61
94,93,90,619,1089,525,996,61
82,89,75,1074,360,992,271,61
64,87,82,521,863,457,776,61
70,89,68,495,851,425,762,61
81,74,84,852,512,771,438,61
75,78,83,717,315,642,237,61
78,73,80,428,824,350,751,61
75,87,83,399,512,324,425,61
74,79,79,624,425,550,346,61
78,91,90,1142,637,1064,546,61
79,43,73,1223,593,1144,550,61
82,79,80,503,402,421,323,61
31,96,96,284,285,253,189,62
111,97,78,249,216,138,119,62
76,77,76,230,619,154,542,62
92,96,105,229,273,137,177,62
94,76,91,233,202,139,126,62
92,79,114,196,149,104,70,62
80,95,95,184,268,104,173,62
76,96,79,198,167,122,71,62
77,79,96,198,234,121,155,62
77,96,80,197,166,120,70,62
97,99,96,198,151,101,52,62
93,97,99,229,166,136,69,62
94,78,99,217,113,123,35,62
95,79,78,217,150,122,71,62
78,62,96,217,150,139,88,62
94,78,113,249,98,155,20,62
95,111,97,199,130,104,19,62
96,111,109,201,118,105,7,62
95,80,95,217,100,122,20,62
77,88,115,204,123,127,35,62
66,54,68,381,1510,315,1456,63
61,62,52,358,816,297,754,63
78,52,52,409,341,331,289,63
80,44,51,344,242,264,198,63
52,52,44,307,184,255,132,63
78,43,60,285,290,207,247,63
37,37,52,333,234,296,197,63
44,77,61,466,208,422,131,63
69,45,63,358,208,289,163,63
69,53,61,275,209,206,156,63
53,60,63,208,324,155,264,63
85,45,54,624,183,539,138,63
79,36,61,309,200,230,164,63
77,51,52,325,166,248,115,63
69,45,53,291,166,222,121,63
86,35,52,284,149,198,114,63
70,37,44,233,167,163,130,63
78,36,54,242,157,164,121,63
65,10,52,266,326,201,316,63
70,52,44,341,183,271,131,63
67,73,53,452,406,385,333,64
76,72,32,530,208,454,136,64
66,97,30,161,127,95,30,64
53,81,38,106,109,53,28,64
59,79,38,122,114,63,35,64
47,80,55,641,134,594,54,64
39,81,55,109,127,70,46,64
37,82,55,141,285,104,203,64
38,73,65,92,143,54,70,64
47,73,56,101,107,54,34,64
40,90,64,93,118,53,28,64
48,80,64,93,118,45,38,64
52,81,29,139,110,87,29,64
46,73,72,109,135,63,62,64
47,89,46,101,127,54,38,64
13,81,40,74,1424,61,1343,64
56,97,72,143,575,87,478,64
32,72,31,453,217,421,145,64
63,73,56,117,151,54,78,64
32,73,55,110,100,78,27,64
8,74,56,144,263,136,189,65
69,99,69,239,700,170,601,65
58,74,38,285,316,227,242,65
72,78,80,393,331,321,253,65
63,98,70,233,559,170,461,65
55,82,102,303,280,248,198,65
60,87,93,239,262,179,175,65
86,91,84,207,281,121,190,65
55,83,72,205,247,150,164,65
52,77,91,202,287,150,210,65
91,98,81,219,325,128,227,65
79,90,75,223,268,144,178,65
73,69,69,210,177,137,108,65
78,68,78,177,178,99,110,65
61,89,76,278,655,217,566,65
54,85,65,228,229,174,144,65
54,64,77,375,220,321,156,65
64,95,64,236,212,172,117,65
52,69,55,175,164,123,95,65
60,65,72,187,175,127,110,65
32,62,52,181,1074,149,1012,66
34,46,45,141,843,107,797,66
59,42,43,571,600,512,558,66
44,35,37,186,821,142,786,66
52,44,29,711,820,659,776,66
69,44,52,304,603,235,559,66
53,53,61,420,621,367,568,66
52,61,78,312,302,260,241,66
53,43,52,246,764,193,721,66
51,59,51,188,537,137,478,66
51,53,52,178,328,127,275,66
62,52,50,472,605,410,553,66
26,53,37,150,244,124,191,66
44,54,45,168,279,124,225,66
70,60,34,412,776,342,716,66
72,54,61,211,355,139,301,66
59,52,59,195,587,136,535,66
59,72,61,167,423,108,351,66
62,62,53,186,321,124,259,66
62,53,50,180,248,118,195,66
55,95,52,283,545,228,450,67
70,99,81,247,285,177,186,67
91,110,101,318,417,227,307,67
69,111,88,237,289,168,178,67
72,112,93,264,301,192,189,67
73,113,76,276,373,203,260,67
57,110,80,262,301,205,191,67
49,123,94,243,310,194,187,67
70,131,111,308,372,238,241,67
83,115,115,279,258,196,143,67
101,117,104,279,309,178,192,67
95,113,95,300,254,205,141,67
41,97,60,290,316,249,219,67
93,113,81,301,296,208,183,67
76,92,105,307,286,231,194,67
82,88,80,342,312,260,224,67
72,87,94,535,307,463,220,67
93,73,74,335,488,242,415,67
92,127,96,314,367,222,240,67
90,98,83,263,312,173,214,67
42,28,45,2493,1309,2451,1281,68
41,52,59,388,2070,347,2018,68
67,34,82,391,1455,324,1421,68
1,40,57,1874,1402,1873,1362,68
38,32,25,249,676,211,644,68
51,40,57,243,437,192,397,68
47,16,50,444,1039,397,1023,68
63,47,51,335,373,272,326,68
42,40,56,210,262,168,222,68
51,55,65,176,236,125,181,68
46,43,59,172,228,126,185,68
36,55,50,165,526,129,471,68
33,55,65,169,250,136,195,68
72,40,50,277,216,205,176,68
47,48,55,267,253,220,205,68
39,38,50,236,905,197,867,68
46,47,62,208,281,162,234,68
51,31,70,897,401,846,370,68
39,22,58,175,219,136,197,68
42,23,40,213,548,171,525,68
13,70,52,445,2067,432,1997,69
79,92,54,474,488,395,396,69
64,82,83,120,211,56,129,69
88,77,65,143,209,55,132,69
51,53,51,130,187,79,134,69
58,62,57,115,207,57,145,69
50,71,85,162,1356,112,1285,69
65,104,62,162,394,97,290,69
82,72,48,144,223,62,151,69
91,94,96,160,198,69,104,69
53,81,63,153,234,100,153,69
67,95,68,137,212,70,117,69
56,56,87,143,170,87,114,69
66,50,52,131,353,65,303,69
50,66,65,168,200,118,134,69
63,62,77,151,203,88,141,69
64,93,69,107,206,43,113,69
65,61,55,124,288,59,227,69
66,64,59,106,189,40,125,69
71,52,50,149,219,78,167,69
51,19,46,881,255,830,236,70
39,63,15,459,258,420,195,70
77,58,44,504,219,427,161,70
67,69,29,391,269,324,200,70
36,65,51,303,238,267,173,70
44,61,29,295,236,251,175,70
36,55,45,306,277,270,222,70
44,41,36,927,288,883,247,70
35,74,37,1044,254,1009,180,70
44,76,39,250,224,206,148,70
47,54,54,260,207,213,153,70
54,45,45,308,226,254,181,70
41,45,54,311,209,270,164,70
67,58,46,360,232,293,174,70
54,63,39,367,273,313,210,70
60,22,21,209,177,149,155,70
49,49,32,132,793,83,744,70
52,35,42,540,235,488,200,70
76,49,46,164,221,88,172,70
31,62,37,137,218,106,156,70
101,110,117,402,524,301,414,71
102,103,102,345,316,243,213,71
77,102,95,232,219,155,117,71
104,106,128,279,202,175,96,71
108,100,107,287,245,179,145,71
98,93,119,285,351,187,258,71
99,74,122,258,572,159,498,71
110,90,112,251,205,141,115,71
104,113,117,256,234,152,121,71
99,76,93,251,270,152,194,71
92,56,112,285,217,193,161,71
72,106,109,217,225,145,119,71
102,88,123,241,179,139,91,71
90,85,111,220,202,130,117,71
92,97,111,236,192,144,95,71
98,105,79,341,349,243,244,71
121,72,122,323,312,202,240,71
92,105,73,253,244,161,139,71
93,68,105,266,229,173,161,71
82,95,102,326,399,244,304,71
87,72,78,122,2646,35,2574,72
77,80,86,518,1641,441,1561,72
90,114,82,703,517,613,403,72
113,134,77,307,480,194,346,72
93,138,97,312,451,219,313,72
119,116,54,164,755,45,639,72
102,131,88,178,384,76,253,72
120,80,113,200,509,80,429,72
114,121,78,467,490,353,369,72
105,104,45,323,660,218,556,72
115,107,110,233,246,118,139,72
95,72,90,156,192,61,120,72
92,57,45,127,611,35,554,72
109,81,72,170,207,61,126,72
104,58,72,173,212,69,154,72
114,88,81,184,267,70,179,72
86,90,73,182,611,96,521,72
112,71,89,201,305,89,234,72
110,83,89,197,208,87,125,72
108,86,72,195,225,87,139,72
57,76,96,8074,1073,8017,997,73
81,70,92,957,778,876,708,73
68,66,68,645,2379,577,2313,73
74,66,81,643,783,569,717,73
80,76,100,523,412,443,336,73
81,59,70,673,680,592,621,73
84,84,91,676,620,592,536,73
74,66,75,651,1780,577,1714,73
83,79,102,917,640,834,561,73
81,92,98,508,456,427,364,73
61,89,89,589,593,528,504,73
90,90,79,644,513,554,423,73
72,57,81,682,793,610,736,73
81,85,116,589,497,508,412,73
100,66,92,717,544,617,478,73
89,75,83,1093,569,1004,494,73
97,84,93,748,551,651,467,73
101,91,90,654,626,553,535,73
66,82,106,667,577,601,495,73
115,101,113,576,359,461,258,73
115,126,86,736,825,621,699,74
107,89,80,541,489,434,400,74
129,94,89,520,557,391,463,74
114,87,85,460,504,346,417,74
95,74,68,583,500,488,426,74
82,98,70,423,471,341,373,74
98,71,76,343,395,245,324,74
97,97,73,343,410,246,313,74
80,86,75,385,420,305,334,74
78,90,67,274,390,196,300,74
107,80,78,461,414,354,334,74
93,83,89,456,419,363,336,74
123,85,82,349,465,226,380,74
96,98,77,368,402,272,304,74
85,103,79,327,434,242,331,74
93,109,87,305,403,212,294,74
97,106,79,319,410,222,304,74
96,107,86,316,405,220,298,74
84,125,84,302,460,218,335,74
104,94,73,398,411,294,317,74
88,95,70,451,475,363,380,75
76,81,87,277,269,201,188,75
71,75,53,246,398,175,323,75
82,77,33,296,300,214,223,75
73,60,92,764,285,691,225,75
59,82,63,269,260,210,178,75
72,77,83,478,320,406,243,75
96,79,69,267,235,171,156,75
117,72,68,321,247,204,175,75
51,114,81,245,301,194,187,75
82,80,79,294,284,212,204,75
48,66,74,291,276,243,210,75
57,71,87,277,243,220,172,75
60,72,31,246,409,186,337,75
58,78,70,251,225,193,147,75
46,63,78,249,220,203,157,75
54,79,92,218,219,164,140,75
48,62,50,270,264,222,202,75
55,65,77,266,230,211,165,75
49,70,70,229,234,180,164,75
79,70,69,216,1435,137,1365,76
96,86,88,191,725,95,639,76
104,62,85,283,1294,179,1232,76
83,65,79,161,745,78,680,76
113,71,71,307,968,194,897,76
87,96,86,583,959,496,863,76
88,87,69,175,970,87,883,76
71,78,71,174,1058,103,980,76
80,45,71,234,266,154,221,76
148,82,55,306,225,158,143,76
85,74,96,162,159,77,85,76
94,80,87,414,719,320,639,76
81,71,78,259,527,178,456,76
107,89,87,391,451,284,362,76
87,47,88,350,525,263,478,76
81,62,72,209,466,128,404,76
79,71,116,232,533,153,462,76
107,46,106,326,357,219,311,76
95,54,107,416,291,321,237,76
96,72,116,241,383,145,311,76
36,48,99,1639,508,1603,460,77
71,73,88,641,1361,570,1288,77
80,91,88,346,5076,266,4985,77
90,90,82,476,984,386,894,77
98,64,73,550,859,452,795,77
96,81,80,482,851,386,770,77
98,82,72,316,911,218,829,77
94,69,78,241,709,147,640,77
89,88,78,250,984,161,896,77
79,78,79,389,1517,310,1439,77
78,53,61,641,1644,563,1591,77
108,83,88,299,671,191,588,77
78,87,80,259,457,181,370,77
84,97,73,955,1784,871,1687,77
87,81,97,313,1820,226,1739,77
55,90,80,281,343,226,253,77
74,89,98,318,308,244,219,77
79,80,91,224,273,145,193,77
55,86,90,218,288,163,202,77
80,73,97,248,267,168,194,77
46,78,38,319,859,273,781,78
50,52,71,295,719,245,667,78
37,48,71,307,781,270,733,78
46,63,67,217,965,171,902,78
47,52,66,246,470,199,418,78
49,62,67,234,566,185,504,78
49,51,67,282,972,233,921,78
36,21,72,314,450,278,429,78
64,53,70,314,400,250,347,78
48,48,52,265,431,217,383,78
43,39,64,268,1061,225,1022,78
50,38,62,462,855,412,817,78
51,48,68,305,398,254,350,78
48,48,51,282,1099,234,1051,78
79,50,49,298,568,219,518,78
53,49,50,255,517,202,468,78
36,49,52,284,483,248,434,78
47,36,35,279,533,232,497,78
63,47,39,284,494,221,447,78
49,51,69,248,369,199,318,78
87,66,66,1377,1033,1290,967,79
80,78,94,517,717,437,639,79
144,79,129,614,600,470,521,79
78,45,111,616,534,538,489,79
66,64,26,400,401,334,337,79
95,64,66,299,333,204,269,79
94,79,45,283,317,189,238,79
65,64,95,271,1685,206,1621,79
45,77,45,234,316,189,239,79
65,45,45,266,317,201,272,79
79,64,66,267,283,188,219,79
66,45,66,300,300,234,255,79
65,45,65,250,283,185,238,79
27,27,45,800,350,773,323,79
27,45,47,283,263,256,218,79
46,28,78,283,234,237,206,79
78,28,82,300,281,222,253,79
79,45,78,584,401,505,356,79
65,45,43,250,283,185,238,79
96,45,45,834,266,738,221,79
73,85,95,232,953,159,868,80
136,103,100,953,215,817,112,80
80,81,96,168,231,88,150,80
99,99,107,180,237,81,138,80
97,111,86,211,363,114,252,80
93,120,127,150,233,57,113,80
111,84,73,262,213,151,129,80
92,113,100,172,202,80,89,80
110,97,98,226,211,116,114,80
77,82,65,226,211,149,129,80
105,109,113,184,201,79,92,80
88,109,104,179,468,91,359,80
90,121,108,205,293,115,172,80
92,105,100,245,207,153,102,80
82,121,120,161,214,79,93,80
75,95,110,205,202,130,107,80
101,98,98,204,200,103,102,80
82,121,106,184,199,102,78,80
79,102,113,161,200,82,98,80
107,114,99,162,205,55,91,80
68,74,81,427,437,359,363,81
89,89,65,388,745,299,656,81
73,74,48,353,523,280,449,81
64,82,90,248,330,184,248,81
64,74,72,342,422,278,348,81
90,74,90,270,370,180,296,81
65,82,82,213,609,148,527,81
81,82,81,263,388,182,306,81
79,75,74,200,262,121,187,81
82,74,57,221,303,139,229,81
73,74,56,203,287,130,213,81
65,65,66,246,253,181,188,81
73,74,66,212,278,139,204,81
73,83,57,170,312,97,229,81
90,91,73,236,455,146,364,81
82,83,65,213,330,131,247,81
64,65,66,239,251,175,186,81
82,74,66,196,294,114,220,81
99,65,56,271,362,172,297,81
90,32,48,262,320,172,288,81
113,54,78,1111,2609,998,2555,82
86,65,62,156,567,70,502,82
95,99,71,123,640,28,541,82
102,70,75,130,249,28,179,82
87,81,61,145,655,58,574,82
91,65,79,704,890,613,825,82
71,63,70,663,1084,592,1021,82
87,74,65,239,218,152,144,82
98,88,63,210,234,112,146,82
86,79,82,149,233,63,154,82
91,66,65,161,219,70,153,82
89,86,56,119,224,30,138,82
82,72,51,110,208,28,136,82
109,65,72,146,201,37,136,82
89,74,70,175,676,86,602,82
94,73,56,163,227,69,154,82
109,76,72,116,220,7,144,82
83,90,73,91,218,8,128,82
96,72,48,157,218,61,146,82
97,54,62,267,1040,170,986,82
87,92,99,233,307,146,215,83
92,69,66,121,424,29,355,83
73,67,91,427,380,354,313,83
58,67,92,215,437,157,370,83
69,75,57,198,678,129,603,83
95,77,59,422,389,327,312,83
83,84,56,354,324,271,240,83
75,57,52,644,376,569,319,83
60,63,78,89,206,29,143,83
60,74,62,83,337,23,263,83
90,49,57,103,215,13,166,83
110,78,82,129,277,19,199,83
84,74,43,184,351,100,277,83
84,82,66,215,231,131,149,83
75,63,83,407,185,332,122,83
73,75,39,220,225,147,150,83
75,62,78,164,182,89,120,83
77,62,61,138,192,61,130,83
50,71,76,127,185,77,114,83
64,74,75,106,196,42,122,83
157,166,145,782,2650,625,2484,84
131,133,149,731,626,600,493,84
164,175,141,763,726,599,551,84
139,157,130,691,1272,552,1115,84
89,118,114,573,539,484,421,84
115,140,124,692,783,577,643,84
93,123,115,580,723,487,600,84
93,115,127,578,607,485,492,84
76,75,117,577,593,501,518,84
74,91,90,511,520,437,429,84
98,102,159,695,602,597,500,84
108,117,112,574,426,466,309,84
121,114,134,518,393,397,279,84
108,116,106,502,546,394,430,84
135,117,102,529,436,394,319,84
139,98,73,568,955,429,857,84
75,99,81,479,472,404,373,84
78,66,133,482,404,404,338,84
82,90,101,478,485,396,395,84
85,91,176,496,369,411,278,84
73,87,66,655,526,582,439,85
79,75,56,470,515,391,440,85
79,69,76,288,329,209,260,85
66,78,60,182,243,116,165,85
65,65,69,216,198,151,133,85
64,67,64,216,198,152,131,85
48,62,79,293,185,245,123,85
32,51,92,257,150,225,99,85
58,59,63,249,190,191,131,85
48,82,69,216,205,168,123,85
56,67,73,255,204,199,137,85
60,64,81,247,179,187,115,85
69,76,71,267,200,198,124,85
65,70,58,258,194,193,124,85
52,70,54,372,192,320,122,85
42,74,71,249,181,207,107,85
57,86,70,187,187,130,101,85
48,61,73,162,169,114,108,85
62,77,71,185,177,123,100,85
65,60,77,153,145,88,85,85
68,94,98,184,234,116,140,86
97,96,114,527,373,430,277,86
97,99,132,324,281,227,182,86
81,80,98,324,202,243,122,86
73,90,92,171,273,98,183,86
89,90,115,248,610,159,520,86
96,116,98,172,207,76,91,86
62,71,82,667,466,605,395,86
82,65,91,172,181,90,116,86
73,67,105,181,208,108,141,86
81,90,99,172,148,91,58,86
80,82,109,171,122,91,40,86
81,82,80,163,190,82,108,86
71,81,83,162,333,91,252,86
90,90,99,172,173,82,83,86
73,74,57,315,277,242,203,86
73,65,73,214,208,141,143,86
61,58,72,169,166,108,108,86
71,88,72,182,180,111,92,86
73,82,90,164,190,91,108,86
24,79,87,238,740,214,661,87
67,69,70,782,356,715,287,87
70,52,80,200,199,130,147,87
61,38,71,133,159,72,121,87
77,54,62,224,253,147,199,87
71,61,78,411,817,340,756,87
71,47,69,155,474,84,427,87
70,60,61,629,241,559,181,87
71,82,54,163,621,92,539,87
76,37,43,553,412,477,375,87
66,54,72,612,435,546,381,87
77,46,60,153,162,76,116,87
71,64,54,162,158,91,94,87
61,37,51,155,525,94,488,87
54,36,51,129,186,75,150,87
52,56,54,565,164,513,108,87
53,54,55,131,191,78,137,87
69,55,63,162,184,93,129,87
52,31,71,164,236,112,205,87
58,51,82,600,226,542,175,87
108,67,73,372,1798,264,1731,88
90,75,112,836,267,746,192,88
90,63,78,995,687,905,624,88
73,42,77,403,589,330,547,88
75,68,78,314,2679,239,2611,88
69,72,74,327,513,258,441,88
51,54,76,559,723,508,669,88
71,63,92,523,968,452,905,88
84,70,64,505,552,421,482,88
67,79,81,628,626,561,547,88
63,58,68,417,879,354,821,88
80,63,75,402,755,322,692,88
74,52,57,442,629,368,577,88
83,45,46,563,451,480,406,88
35,43,64,528,1104,493,1061,88
68,58,72,639,397,571,339,88
72,62,69,494,329,422,267,88
49,54,82,517,373,468,319,88
61,51,67,513,279,452,228,88
87,65,87,478,522,391,457,88
49,84,69,521,707,472,623,89
77,86,70,639,1485,562,1399,89
81,83,87,664,1339,583,1256,89
67,65,78,583,714,516,649,89
46,77,75,524,572,478,495,89
94,72,76,555,757,461,685,89
77,95,92,700,679,623,584,89
77,103,77,717,866,640,763,89
60,74,87,1797,1754,1737,1680,89
83,67,105,640,648,557,581,89
73,81,73,444,500,371,419,89
68,84,82,813,569,745,485,89
77,77,77,509,551,432,474,89
70,78,87,499,490,429,412,89
66,67,91,498,521,432,454,89
82,53,75,471,529,389,476,89
74,92,82,433,486,359,394,89
72,72,81,451,595,379,523,89
84,70,86,438,484,354,414,89
66,68,80,413,467,347,399,89
58,45,60,249,530,191,485,90
74,54,70,340,514,266,460,90
48,82,73,176,266,128,184,90
63,60,72,160,164,97,104,90
31,48,62,186,160,155,112,90
59,78,54,153,202,94,124,90
50,43,78,159,145,109,102,90
62,71,70,192,222,130,151,90
45,45,96,139,153,94,108,90
81,47,33,167,327,86,280,90
78,44,64,189,201,111,157,90
70,70,67,133,174,63,104,90
69,41,51,137,197,68,156,90
63,44,86,163,142,100,98,90
85,56,69,155,170,70,114,90
48,60,63,171,220,123,160,90
58,55,75,156,280,98,225,90
69,61,95,135,155,66,94,90
62,46,74,143,131,81,85,90
37,44,46,164,174,127,130,90
44,61,70,817,1734,773,1673,91
45,68,64,560,1223,515,1155,91
46,52,65,450,716,404,664,91
54,54,78,367,1233,313,1179,91
54,46,64,517,1209,463,1163,91
53,46,45,382,268,329,222,91
45,45,46,266,274,221,229,91
64,62,51,259,218,195,156,91
53,64,46,232,200,179,136,91
45,53,53,217,183,172,130,91
54,47,64,249,184,195,137,91
59,70,43,225,201,166,131,91
54,45,46,241,192,187,147,91
65,55,53,249,276,184,221,91
44,54,53,232,183,188,129,91
64,63,52,249,318,185,255,91
44,45,69,282,200,238,155,91
46,56,54,258,208,212,152,91
54,64,54,283,225,229,161,91
54,54,45,249,209,195,155,91
79,130,125,121,361,42,231,92
67,101,105,122,286,55,185,92
78,105,107,346,277,268,172,92
91,103,109,134,298,43,195,92
79,118,105,139,279,60,161,92
73,93,111,139,255,66,162,92
81,91,98,105,240,24,149,92
88,80,97,106,241,18,161,92
77,98,112,121,302,44,204,92
82,95,87,95,247,13,152,92
80,100,98,98,265,18,165,92
60,94,104,119,446,59,352,92
71,93,91,153,536,82,443,92
91,121,104,146,381,55,260,92
98,119,94,197,433,99,314,92
98,103,105,133,290,35,187,92
108,110,102,142,307,34,197,92
89,111,118,115,264,26,153,92
122,116,86,145,300,23,184,92
121,116,96,125,466,4,350,92
81,86,78,1081,1993,1000,1907,93
91,94,82,7479,1092,7388,998,93
50,47,48,2647,1956,2597,1909,93
68,73,56,3317,726,3249,653,93
91,102,111,757,804,666,702,93
67,50,48,560,562,493,512,93
85,82,63,697,1515,612,1433,93
65,75,77,686,1670,621,1595,93
93,72,60,799,667,706,595,93
75,69,62,687,632,612,563,93
58,75,74,628,1381,570,1306,93
85,71,73,667,1731,582,1660,93
69,75,47,1234,538,1165,463,93
101,78,80,515,592,414,514,93
85,83,72,578,522,493,439,93
74,114,68,562,1384,488,1270,93
87,69,75,2730,562,2643,493,93
53,78,85,1011,536,958,458,93
73,85,94,455,478,382,393,93
75,66,1,560,1168,485,1102,93
59,63,96,541,801,482,738,94
53,64,104,180,197,127,133,94
55,55,94,180,198,125,143,94
54,88,96,180,213,126,125,94
78,62,97,179,204,101,142,94
79,71,80,221,720,142,649,94
62,75,95,226,849,164,774,94
72,78,46,235,417,163,339,94
63,72,87,198,222,135,150,94
68,95,104,220,238,152,143,94
38,63,106,228,272,190,209,94
62,60,95,240,236,178,176,94
79,123,106,230,205,151,82,94
78,103,105,239,229,161,126,94
96,95,89,248,228,152,133,94
87,97,88,205,297,118,200,94
95,63,88,221,163,126,100,94
81,80,96,179,189,98,109,94
89,81,116,181,163,92,82,94
70,72,88,155,146,85,74,94
80,72,77,179,211,99,139,95
123,75,69,142,747,19,672,95
88,99,92,139,409,51,310,95
89,91,71,170,239,81,148,95
90,114,87,134,163,44,49,95
86,63,78,134,118,48,55,95
87,77,58,116,135,29,58,95
114,60,79,122,92,8,32,95
83,69,63,113,126,30,57,95
94,91,66,129,138,35,47,95
115,56,63,148,103,33,47,95
104,62,58,127,129,23,67,95
83,95,60,150,121,67,26,95
94,78,72,123,122,29,44,95
74,93,78,101,157,27,64,95
97,65,94,129,128,32,63,95
107,98,74,148,151,41,53,95
68,99,64,123,135,55,36,95
99,86,79,114,127,15,41,95
85,98,71,133,131,48,33,95
1,24,17,763,885,762,861,96
6,3,8,605,571,599,568,96
4,5,4,489,577,485,572,96
8,12,5,835,569,827,557,96
8,9,7,501,576,493,567,96
17,13,10,393,476,376,463,96
11,1,12,369,426,358,425,96
10,4,1,455,409,445,405,96
9,8,12,360,348,351,340,96
6,7,12,335,558,329,551,96
10,15,12,375,591,365,576,96
6,10,10,591,711,585,701,96
7,6,3,320,654,313,648,96
8,2,2,359,580,351,578,96
4,7,5,367,552,363,545,96
7,7,16,346,584,339,577,96
5,13,12,363,443,358,430,96
3,19,1,386,402,383,383,96
7,5,3,523,557,516,552,96
7,8,13,454,350,447,342,96
41,60,69,271,415,230,355,97
57,51,59,231,441,174,390,97
50,58,50,233,401,183,343,97
59,60,59,216,367,157,307,97
52,69,68,234,292,182,223,97
76,62,77,263,359,187,297,97
42,58,68,391,323,349,265,97
50,60,67,248,367,198,307,97
66,68,57,274,311,208,243,97
66,61,50,240,269,174,208,97
51,66,77,234,289,183,223,97
42,58,59,218,241,176,183,97
62,69,69,224,258,162,189,97
49,59,68,208,224,159,165,97
51,77,77,183,206,132,129,97
50,77,85,181,217,131,140,97
51,51,68,209,199,158,148,97
33,68,50,265,251,232,183,97
75,59,53,250,272,175,213,97
60,59,60,258,341,198,282,97
56,70,81,435,444,379,374,98
85,79,83,400,347,315,268,98
58,80,90,263,167,205,87,98
71,80,103,282,178,211,98,98
69,79,81,1691,129,1622,50,98
70,77,79,1089,198,1019,121,98
73,69,90,388,257,315,188,98
72,87,96,848,171,776,84,98
62,69,80,1434,206,1372,137,98
60,58,86,788,173,728,115,98
55,56,78,1008,187,953,131,98
74,79,89,322,183,248,104,98
81,97,71,313,402,232,305,98
61,70,69,400,185,339,115,98
52,80,82,246,134,194,54,98
74,89,73,286,192,212,103,98
57,76,77,280,227,223,151,98
67,103,77,249,503,182,400,98
69,64,72,301,158,232,94,98
52,69,52,274,167,222,98,98
60,60,43,244,232,184,172,99
70,78,73,291,428,221,350,99
81,40,41,285,267,204,227,99
71,67,58,214,218,143,151,99
81,67,65,247,228,166,161,99
74,61,56,240,456,166,395,99
82,52,57,248,246,166,194,99
91,37,63,280,216,189,179,99
65,58,47,243,264,178,206,99
71,52,69,423,301,352,249,99
93,58,57,228,216,135,158,99
74,50,67,241,227,167,177,99
60,58,47,227,254,167,196,99
64,56,55,251,244,187,188,99
92,45,29,275,242,183,197,99
77,18,47,258,249,181,231,99
77,41,68,267,249,190,208,99
80,48,59,310,295,230,247,99
81,43,67,240,202,159,159,99
65,51,36,230,396,165,345,99
36,30,45,608,544,572,514,100
34,57,46,413,424,379,367,100
51,50,65,320,317,269,267,100
44,32,60,365,346,321,314,100
54,53,61,343,299,289,246,100
36,54,80,333,325,297,271,100
29,56,70,298,313,269,257,100
55,36,71,346,307,291,271,100
29,51,53,352,351,323,300,100
57,89,46,269,286,212,197,100
54,54,70,262,226,208,172,100
37,75,70,231,246,194,171,100
36,45,72,325,232,289,187,100
35,47,70,342,259,307,212,100
40,60,85,373,317,333,257,100
20,39,89,343,276,323,237,100
27,63,90,359,257,332,194,100
30,37,80,321,232,291,195,100
31,54,88,328,259,297,205,100
37,39,87,342,268,305,229,100
88,94,102,792,1620,704,1526,101
74,99,120,945,941,871,842,101
102,109,135,1816,761,1714,652,101
71,83,139,581,550,510,467,101
84,96,133,383,619,299,523,101
108,91,153,726,629,618,538,101
94,112,107,600,634,506,522,101
83,95,124,310,557,227,462,101
105,73,123,514,624,409,551,101
93,82,127,459,866,366,784,101
91,85,157,447,566,356,481,101
84,102,139,548,799,464,697,101
100,102,146,483,818,383,716,101
102,93,138,676,955,574,862,101
88,92,121,678,525,590,433,101
92,99,127,946,601,854,502,101
111,96,131,465,470,354,374,101
101,110,123,647,616,546,506,101
100,89,152,648,480,548,391,101
114,95,149,435,538,321,443,101
54,56,56,171,192,117,136,102
37,58,79,189,128,152,70,102
77,62,80,206,258,129,196,102
51,64,64,213,201,162,137,102
64,39,73,267,191,203,152,102
63,63,97,225,166,162,103,102
64,66,81,176,317,112,251,102
67,72,39,246,159,179,87,102
54,73,89,175,150,121,77,102
63,73,57,208,165,145,92,102
72,64,87,258,236,186,172,102
81,65,56,239,143,158,78,102
64,79,90,225,198,161,119,102
62,79,80,159,157,97,78,102
64,80,91,186,183,122,103,102
73,74,71,185,161,112,87,102
70,73,64,206,151,136,78,102
42,65,48,154,151,112,86,102
63,56,91,208,598,145,542,102
63,72,39,160,191,97,119,102
106,94,129,397,1699,291,1605,103
114,112,95,269,334,155,222,103
112,111,112,267,283,155,172,103
112,110,96,300,283,188,173,103
111,95,78,282,284,171,189,103
112,95,78,267,267,155,172,103
111,95,79,283,266,172,171,103
95,112,78,266,284,171,172,103
111,92,79,285,264,174,172,103
94,95,79,266,250,172,155,103
111,111,95,300,466,189,355,103
111,95,79,316,283,205,188,103
95,115,95,263,287,168,172,103
128,111,79,266,283,138,172,103
95,111,79,300,299,205,188,103
78,112,79,282,284,204,172,103
95,111,95,251,282,156,171,103
95,128,79,267,266,172,138,103
111,111,78,250,300,139,189,103
112,115,78,213,271,101,156,103
63,102,68,196,1739,133,1637,104
60,78,59,243,1128,183,1050,104
73,102,85,209,203,136,101,104
83,92,77,229,409,146,317,104
86,70,69,203,162,117,92,104
75,58,59,213,152,138,94,104
90,90,69,219,176,129,86,104
83,87,70,193,179,110,92,104
75,77,85,194,170,119,93,104
70,79,78,178,171,108,92,104
65,103,104,176,177,111,74,104
57,74,69,228,184,171,110,104
85,120,84,680,312,595,192,104
76,94,77,418,212,342,118,104
114,68,80,217,169,103,101,104
74,86,78,197,195,123,109,104
75,97,94,190,173,115,76,104
87,77,80,222,201,135,124,104
92,92,86,503,193,411,101,104
89,95,94,202,172,113,77,104
42,50,55,811,940,769,890,105
46,53,69,1123,719,1077,666,105
42,59,55,736,414,694,355,105
47,51,54,539,365,492,314,105
55,62,54,579,602,524,540,105
40,51,54,591,398,551,347,105
51,52,49,600,520,549,468,105
52,54,54,540,619,488,565,105
60,67,54,620,431,560,364,105
52,53,54,668,550,616,497,105
54,51,61,638,382,584,331,105
56,64,61,517,480,461,416,105
53,50,56,546,419,493,369,105
45,46,61,532,385,487,339,105
59,53,46,566,428,507,375,105
58,56,54,564,384,506,328,105
53,44,65,492,391,439,347,105
53,61,54,451,357,398,296,105
53,72,62,425,384,372,312,105
48,53,60,623,384,575,331,105
128,102,62,273,1176,145,1074,106
60,82,100,294,358,234,276,106
98,122,124,285,265,187,143,106
116,103,113,261,300,145,197,106
142,115,126,698,418,556,303,106
126,152,178,348,358,222,206,106
113,114,138,247,303,134,189,106
138,136,125,276,306,138,170,106
99,90,162,269,268,170,178,106
133,127,109,446,461,313,334,106
64,106,95,181,183,117,77,106
82,83,85,191,153,109,70,106
84,67,93,192,194,108,127,106
84,67,95,210,144,126,77,106
90,84,77,225,182,135,98,106
69,91,94,208,150,139,59,106
79,111,94,267,197,188,86,106
125,82,92,262,155,137,73,106
104,98,84,201,222,97,124,106
10,105,76,115,211,105,106,106
98,115,98,190,259,92,144,107
57,90,82,166,216,109,126,107
91,98,81,216,233,125,135,107
82,90,73,224,258,142,168,107
80,107,74,239,282,159,175,107
90,74,74,232,241,142,167,107
90,115,90,232,283,142,168,107
41,88,81,210,264,169,176,107
71,78,82,200,229,129,151,107
98,100,89,207,268,109,168,107
74,107,88,200,268,126,161,107
65,99,57,241,283,176,184,107
89,122,81,267,330,178,208,107
66,89,86,241,268,175,179,107
65,98,98,174,225,109,127,107
82,90,74,225,241,143,151,107
74,141,81,183,300,109,159,107
56,106,91,199,265,143,159,107
67,123,107,219,330,152,207,107
72,74,73,256,275,184,201,107
68,65,57,362,585,294,520,108
56,57,72,282,245,226,188,108
56,65,66,150,242,94,177,108
65,53,65,564,447,499,394,108
56,74,56,124,285,68,211,108
38,58,58,131,209,93,151,108
64,65,65,140,276,76,211,108
65,64,48,227,467,162,403,108
65,74,63,241,680,176,606,108
66,40,48,193,218,127,178,108
64,57,40,216,234,152,177,108
65,66,57,200,284,135,218,108
40,74,57,233,260,193,186,108
58,76,64,151,244,93,168,108
75,51,74,209,184,134,133,108
58,32,57,211,234,153,202,108
48,65,66,141,217,93,152,108
56,52,56,1475,213,1419,161,108
65,45,56,989,190,924,145,108
57,65,74,175,200,118,135,108
128,106,98,404,625,276,519,109
123,89,82,241,398,118,309,109
106,83,81,364,367,258,284,109
108,72,50,209,273,101,201,109
91,91,91,283,300,192,209,109
106,82,80,182,260,76,178,109
73,101,81,175,325,102,224,109
108,73,74,393,291,285,218,109
82,92,81,274,343,192,251,109
107,79,56,234,290,127,211,109
96,80,74,232,298,136,218,109
99,80,90,210,275,111,195,109
116,64,91,261,257,145,193,109
99,64,80,244,292,145,228,109
88,64,82,233,299,145,235,109
126,74,75,218,500,92,426,109
66,74,72,275,252,209,178,109
83,74,74,268,283,185,209,109
89,63,74,259,264,170,201,109
97,73,65,415,400,318,327,109
86,58,77,312,316,226,258,110
95,97,70,265,530,170,433,110
104,89,86,275,336,171,247,110
103,80,95,317,312,214,232,110
96,80,89,275,276,179,196,110
89,81,83,253,290,164,209,110
88,74,90,247,277,159,203,110
101,76,83,260,260,159,184,110
94,89,80,264,269,170,180,110
116,88,83,270,307,154,219,110
103,81,91,275,267,172,186,110
76,60,57,258,280,182,220,110
98,73,56,235,259,137,186,110
88,87,92,234,254,146,167,110
79,77,101,252,245,173,168,110
87,96,95,226,262,139,166,110
95,98,88,224,246,129,148,110
73,81,87,211,237,138,156,110
69,86,64,191,285,122,199,110
65,81,92,195,241,130,160,110
90,90,73,584,560,494,470,111
72,89,89,425,376,353,287,111
73,58,90,426,309,353,251,111
81,73,89,392,317,311,244,111
73,65,90,392,284,319,219,111
89,81,90,359,275,270,194,111
64,74,90,291,267,227,193,111
97,39,82,350,250,253,211,111
22,64,82,351,266,329,202,111
81,57,72,450,335,369,278,111
72,48,81,358,259,286,211,111
81,57,97,358,243,277,186,111
48,73,91,333,267,285,194,111
72,64,91,342,258,270,194,111
72,49,97,333,235,261,186,111
72,57,89,300,234,228,177,111
64,56,81,301,250,237,194,111
65,64,65,326,250,261,186,111
81,56,88,342,227,261,171,111
89,72,88,326,234,237,162,111
101,80,88,614,1052,513,972,112
112,79,84,283,989,171,910,112
116,81,88,150,518,34,437,112
91,114,90,287,549,196,435,112
108,88,82,235,542,127,454,112
120,70,75,233,455,113,385,112
129,97,106,248,442,119,345,112
106,97,107,219,340,113,243,112
89,71,75,152,263,63,192,112
88,88,64,158,250,70,162,112
85,78,73,483,323,398,245,112
121,105,89,164,250,43,145,112
85,92,80,197,260,112,168,112
112,91,108,172,359,60,268,112
113,97,76,139,225,26,128,112
103,99,94,213,322,110,223,112
116,98,73,134,217,18,119,112
120,70,68,149,803,29,733,112
99,81,66,135,237,36,156,112
112,102,78,173,730,61,628,112
