H1,H2,H3,H4,H5,DD1,DD2,DD3,DD4,UD1,UD2,UD3,UD4,user_id
61,81,78,73,80,231,3268,203,878,170,3187,125,805,1
79,48,55,55,69,221,1528,197,954,142,1480,142,899,1
70,54,81,80,80,214,808,183,385,144,754,102,305,1
47,39,83,66,73,188,351,189,310,141,312,106,244,1
56,64,68,64,91,156,306,161,266,100,242,93,202,1
69,63,84,67,77,189,279,166,301,120,216,82,234,1
61,64,61,72,72,187,429,172,376,126,365,111,304,1
64,55,75,66,56,165,333,164,336,101,278,89,270,1
78,63,54,54,91,174,376,165,273,96,313,111,219,1
74,75,75,65,57,156,335,159,341,82,260,84,276,1
76,74,65,65,82,193,343,165,293,117,269,100,228,1
38,49,65,73,65,179,268,167,225,141,219,102,152,1
66,47,68,74,66,175,282,168,259,109,235,100,185,1
56,80,73,65,56,166,291,174,300,110,211,101,235,1
64,64,39,56,29,165,310,165,329,101,246,126,273,1
40,54,64,63,68,174,474,167,232,134,420,103,169,1
64,63,76,64,42,166,289,167,274,102,226,91,210,1
56,49,74,66,55,172,292,175,218,116,243,101,152,1
39,58,57,57,75,175,232,158,225,136,174,101,168,1
74,59,65,72,65,165,286,158,240,91,227,93,168,1
97,100,48,76,45,374,349,36619,948,277,249,36571,872,2
95,67,56,80,85,273,261,488,812,178,194,432,732,2
80,81,74,116,73,320,783,271,580,240,702,197,464,2
73,79,66,89,104,267,286,315,323,194,207,249,234,2
109,84,82,85,83,397,530,311,374,288,446,229,289,2
83,64,82,84,78,317,478,478,302,234,414,396,218,2
56,87,84,83,91,274,391,347,1023,218,304,263,940,2
105,59,81,74,70,281,207,206,244,176,148,125,170,2
100,67,54,26,68,270,251,210,264,170,184,156,238,2
94,66,68,81,60,276,195,202,269,182,129,134,188,2
81,89,83,69,70,263,204,198,238,182,115,115,169,2
95,54,59,49,64,280,187,197,217,185,133,138,168,2
87,54,71,70,62,1443,206,240,264,1356,152,169,194,2
86,72,54,56,38,264,241,204,272,178,169,150,216,2
51,48,59,57,56,256,212,208,257,205,164,149,200,2
62,51,55,83,55,280,214,204,251,218,163,149,168,2
85,61,61,57,24,257,223,225,264,172,162,164,207,2
83,65,84,79,72,256,221,204,245,173,156,120,166,2
112,55,71,48,59,297,208,235,396,185,153,164,348,2
87,60,69,52,44,258,215,214,297,171,155,145,245,2
89,75,57,90,71,265,285,349,267,176,210,292,177,3
91,91,56,90,74,233,267,216,201,142,176,160,111,3
72,94,74,77,94,112,236,164,100,40,142,90,23,3
72,74,57,73,60,132,201,166,113,60,127,109,40,3
72,74,72,72,72,149,201,150,133,77,127,78,61,3
73,76,89,73,72,132,201,166,168,59,125,77,95,3
90,80,73,74,58,110,223,150,166,20,143,77,92,3
72,58,58,73,77,183,183,133,130,111,125,75,57,3
71,78,91,78,72,128,187,113,137,57,109,22,59,3
56,77,91,74,91,95,187,132,135,39,110,41,61,3
90,74,74,91,77,383,200,533,112,293,126,459,21,3
91,73,76,77,92,150,197,183,134,59,124,107,57,3
72,69,72,75,76,169,181,149,130,97,112,77,55,3
89,61,91,75,95,128,187,150,94,39,126,59,19,3
94,45,72,75,112,110,172,114,116,16,127,42,41,3
72,59,90,96,73,113,187,111,155,41,128,21,59,3
72,55,91,77,21,133,183,130,187,61,128,39,110,3
70,63,57,78,55,110,189,96,171,40,126,39,93,3
57,78,105,78,58,96,172,128,154,39,94,23,76,3
90,79,74,73,57,109,190,166,201,19,111,92,128,3
70,80,82,96,105,368,195,753,216,298,115,671,120,4
95,105,78,70,93,416,199,268,232,321,94,190,162,4
66,100,90,91,131,232,175,245,188,166,75,155,97,4
85,67,83,76,99,384,166,284,195,299,99,201,119,4
88,85,73,97,83,512,196,264,237,424,111,191,140,4
89,98,55,71,115,334,216,263,202,245,118,208,131,4
75,66,86,92,105,287,265,431,159,212,199,345,67,4
85,89,87,79,93,265,164,239,182,180,75,152,103,4
69,74,83,59,69,208,138,221,192,139,64,138,133,4
80,90,83,57,81,244,186,256,184,164,96,173,127,4
99,95,99,85,96,236,183,247,197,137,88,148,112,4
92,95,91,79,105,241,174,252,184,149,79,161,105,4
92,100,92,90,93,235,189,243,212,143,89,151,122,4
88,102,91,98,97,248,205,319,243,160,103,228,145,4
112,97,100,78,87,811,185,319,220,699,88,219,142,4
97,87,96,88,116,282,181,613,200,185,94,517,112,4
92,113,115,82,96,285,181,320,239,193,68,205,157,4
101,91,100,96,100,275,193,984,224,174,102,884,128,4
86,104,93,77,80,279,200,314,241,193,96,221,164,4
98,86,69,78,99,307,208,269,224,209,122,200,146,4
110,104,124,136,105,700,1029,1226,1445,590,925,1102,1309,5
137,94,129,86,117,551,390,567,1729,414,296,438,1643,5
124,100,156,123,129,293,358,425,1389,169,258,269,1266,5
137,110,148,121,89,1033,3050,274,481,896,2940,126,360,5
129,118,137,113,115,351,405,391,364,222,287,254,251,5
140,122,144,129,97,351,401,349,406,211,279,205,277,5
119,129,149,133,105,366,471,319,406,247,342,170,273,5
139,137,113,107,113,308,507,314,368,169,370,201,261,5
154,113,130,132,115,473,374,348,374,319,261,218,242,5
121,95,110,131,112,401,1615,294,426,280,1520,184,295,5
123,103,148,105,127,383,357,394,425,260,254,246,320,5
128,101,137,138,131,434,580,289,425,306,479,152,287,5
146,96,135,115,114,474,1332,283,478,328,1236,148,363,5
119,98,128,115,112,304,677,313,435,185,579,185,320,5
156,118,113,100,120,309,499,304,394,153,381,191,294,5
120,93,154,132,129,344,288,366,374,224,195,212,242,5
110,117,139,115,96,286,335,299,418,176,218,160,303,5
139,116,136,112,107,271,386,332,448,132,270,196,336,5
114,116,129,116,88,348,393,339,410,234,277,210,294,5
178,87,107,119,107,615,445,343,481,437,358,236,362,5
88,83,109,118,88,312,260,632,263,224,177,523,145,6
78,77,123,111,87,318,241,738,283,240,164,615,172,6
81,82,93,106,83,248,164,285,229,167,82,192,123,6
82,96,97,106,100,320,308,601,202,238,212,504,96,6
73,98,86,84,79,195,212,282,198,122,114,196,114,6
85,79,81,82,71,250,262,289,219,165,183,208,137,6
77,75,76,93,74,218,147,223,229,141,72,147,136,6
98,98,102,102,73,200,183,677,228,102,85,575,126,6
58,77,86,102,83,225,198,560,1122,167,121,474,1020,6
80,107,80,94,95,571,274,580,247,491,167,500,153,6
96,86,62,92,95,199,281,327,206,103,195,265,114,6
73,96,58,110,84,140,207,485,238,67,111,427,128,6
107,90,58,81,83,179,178,213,186,72,88,155,105,6
72,91,85,90,74,194,225,205,240,122,134,120,150,6
75,103,85,86,84,176,366,280,429,101,263,195,343,6
85,112,76,98,87,154,213,241,502,69,101,165,404,6
90,63,90,99,84,200,179,209,429,110,116,119,330,6
81,108,89,120,72,223,241,400,223,142,133,311,103,6
89,95,96,66,68,219,228,302,720,130,133,206,654,6
103,87,85,90,83,209,198,1424,207,106,111,1339,117,6
71,147,71,95,91,339,1377,596,658,268,1230,525,563,7
125,117,107,91,149,345,485,479,471,220,368,372,380,7
126,94,98,81,115,1017,476,529,388,891,382,431,307,7
104,95,111,90,133,316,318,442,406,212,223,331,316,7
71,130,73,102,119,527,738,907,669,456,608,834,567,7
102,122,98,89,137,694,593,754,261,592,471,656,172,7
61,98,122,84,116,146,316,841,203,85,218,719,119,7
72,90,98,99,117,256,332,306,285,184,242,208,186,7
46,57,62,87,98,484,302,249,214,438,245,187,127,7
89,82,100,90,75,461,250,199,191,372,168,99,101,7
79,137,105,81,70,762,281,554,235,683,144,449,154,7
73,96,101,114,111,177,346,839,278,104,250,738,164,7
72,56,81,87,117,346,308,268,188,274,252,187,101,7
73,114,96,97,122,259,309,200,214,186,195,104,117,7
63,91,81,72,81,189,267,167,141,126,176,86,69,7
93,89,101,64,103,180,271,170,177,87,182,69,113,7
69,116,105,68,81,867,349,808,541,798,233,703,473,7
71,102,108,82,106,681,295,413,589,610,193,305,507,7
92,52,73,82,125,844,797,174,176,752,745,101,94,7
78,108,101,95,98,194,877,296,223,116,769,195,128,7
107,86,86,76,105,276,932,346,956,169,846,260,880,8
93,74,104,73,51,209,775,335,1344,116,701,231,1271,8
76,53,90,80,61,160,213,460,369,84,160,370,289,8
73,83,101,80,57,164,331,290,432,91,248,189,352,8
82,62,64,75,65,124,433,266,337,42,371,202,262,8
71,78,75,62,59,213,869,245,253,142,791,170,191,8
67,81,76,76,60,401,736,256,414,334,655,180,338,8
61,81,76,74,63,206,318,495,240,145,237,419,166,8
74,68,79,65,60,217,399,266,306,143,331,187,241,8
104,94,122,70,74,364,559,229,283,260,465,107,213,8
74,77,91,88,75,434,686,814,364,360,609,723,276,8
64,84,141,60,72,328,623,287,276,264,539,146,216,8
84,81,83,65,64,202,300,246,439,118,219,163,374,8
95,79,104,71,55,184,258,227,359,89,179,123,288,8
68,82,112,61,67,254,209,216,367,186,127,104,306,8
130,85,89,62,68,200,726,178,178,70,641,89,116,8
84,80,104,82,77,201,933,196,199,117,853,92,117,8
104,84,80,81,67,166,317,398,287,62,233,318,206,8
110,94,105,61,61,174,262,317,240,64,168,212,179,8
80,81,77,80,61,240,499,177,212,160,418,100,132,8
60,72,89,47,89,245,133,309,250,185,61,220,203,9
62,79,63,71,69,315,141,560,242,253,62,497,171,9
70,79,80,80,98,223,150,492,206,153,71,412,126,9
54,76,63,71,78,201,172,501,192,147,96,438,121,9
90,96,72,81,87,225,191,375,184,135,95,303,103,9
71,80,97,85,88,206,367,729,213,135,287,632,128,9
87,78,86,71,96,199,151,774,183,112,73,688,112,9
77,88,89,113,117,255,157,995,264,178,69,906,151,9
95,146,116,105,132,684,155,561,241,589,9,445,136,9
122,166,123,131,166,681,326,476,331,559,160,353,200,9
88,123,115,79,97,524,208,435,217,436,85,320,138,9
96,78,81,46,63,726,105,293,191,630,27,212,145,9
79,62,63,72,72,258,190,292,207,179,128,229,135,9
97,117,75,64,70,709,148,260,193,612,31,185,129,9
77,119,149,81,96,568,279,383,217,491,160,234,136,9
96,80,55,96,88,659,132,292,216,563,52,237,120,9
88,125,109,104,141,598,149,745,256,510,24,636,152,9
79,146,89,63,116,809,280,309,251,730,134,220,188,9
29,72,47,62,72,355,108,410,283,326,36,363,221,9
60,88,80,79,96,555,115,318,291,495,27,238,212,9
85,73,92,112,109,1003,968,521,1144,918,895,429,1032,10
102,69,121,87,62,707,638,1640,665,605,569,1519,578,10
108,97,128,120,108,919,1361,430,1199,811,1264,302,1079,10
101,81,100,90,98,417,672,598,1315,316,591,498,1225,10
98,92,118,51,72,922,966,1157,678,824,874,1039,627,10
87,89,123,110,93,565,689,316,318,478,600,193,208,10
69,54,72,88,118,299,371,573,807,230,317,501,719,10
72,93,81,60,73,276,355,220,215,204,262,139,155,10
71,91,83,62,79,310,424,370,358,239,333,287,296,10
110,81,98,79,83,793,968,361,429,683,887,263,350,10
70,75,99,65,59,318,386,312,343,248,311,213,278,10
61,101,91,85,109,293,367,280,948,232,266,189,863,10
72,105,103,94,104,273,369,275,256,201,264,172,162,10
79,74,81,99,103,309,384,227,288,230,310,146,189,10
81,72,82,76,103,347,337,269,245,266,265,187,169,10
72,65,92,78,103,336,390,249,215,264,325,157,137,10
71,63,92,92,74,292,354,220,247,221,291,128,155,10
70,63,70,83,86,301,323,207,209,231,260,137,126,10
60,65,79,89,105,315,345,214,206,255,280,135,117,10
72,83,72,102,83,272,358,183,229,200,275,111,127,10
53,55,70,71,72,136,1578,212,1222,83,1523,142,1151,11
81,64,72,40,25,180,453,206,1319,99,389,134,1279,11
63,65,63,39,98,137,504,146,1331,74,439,83,1292,11
97,45,64,62,108,182,327,197,463,85,282,133,401,11
70,54,78,62,108,121,756,253,668,51,702,175,606,11
38,79,72,55,90,270,311,205,435,232,232,133,380,11
69,80,64,63,71,819,561,139,287,750,481,75,224,11
18,47,80,63,78,764,379,147,869,746,332,67,806,11
105,80,96,55,71,493,396,137,536,388,316,41,481,11
70,63,72,55,79,617,511,173,519,547,448,101,464,11
76,56,63,45,63,325,297,180,369,249,241,117,324,11
68,73,63,56,63,316,339,163,321,248,266,100,265,11
72,74,62,47,87,295,297,154,280,223,223,92,233,11
112,71,78,77,70,252,1615,678,385,140,1544,600,308,11
71,63,76,64,63,337,297,111,454,266,234,35,390,11
79,64,55,64,80,344,329,88,205,265,265,33,141,11
71,80,64,63,71,154,354,89,303,83,274,25,240,11
78,80,72,63,82,195,312,197,287,117,232,125,224,11
77,72,87,70,55,210,504,420,444,133,432,333,374,11
94,80,78,80,90,187,346,145,322,93,266,67,242,11
110,111,103,108,137,368,586,322,1736,258,475,219,1628,12
87,104,89,83,95,215,695,196,301,128,591,107,218,12
94,88,105,78,102,236,276,222,241,142,188,117,163,12
92,95,86,71,102,226,334,212,236,134,239,126,165,12
115,75,84,68,77,250,232,215,229,135,157,131,161,12
67,86,97,77,96,186,247,200,231,119,161,103,154,12
84,93,95,69,103,197,221,205,224,113,128,110,155,12
73,74,69,73,92,204,263,201,222,131,189,132,149,12
75,85,95,93,94,203,233,215,238,128,148,120,145,12
86,96,89,89,95,188,221,198,242,102,125,109,153,12
65,95,85,80,87,212,231,193,216,147,136,108,136,12
75,84,96,78,77,186,222,205,538,111,138,109,460,12
82,89,101,86,87,187,267,198,231,105,178,97,145,12
89,90,94,98,96,181,225,195,285,92,135,101,187,12
79,76,85,77,78,189,223,196,239,110,147,111,162,12
70,76,87,80,73,175,194,188,247,105,118,101,167,12
80,80,78,94,85,182,197,174,383,102,117,96,289,12
63,78,84,81,96,172,199,193,225,109,121,109,144,12
72,89,80,95,77,163,198,173,215,91,109,93,120,12
70,91,85,80,79,186,211,186,205,116,120,101,125,12
72,107,51,107,67,683,626,1726,773,611,519,1675,666,13
55,71,108,86,51,1165,1121,1402,423,1110,1050,1294,337,13
77,81,90,74,46,830,658,760,901,753,577,670,827,13
51,47,59,64,41,173,307,1561,198,122,260,1502,134,13
82,64,65,66,57,951,659,461,197,869,595,396,131,13
91,81,82,87,71,464,494,696,330,373,413,614,243,13
59,67,87,59,50,438,337,348,248,379,270,261,189,13
59,82,41,33,48,439,312,362,192,380,230,321,159,13
53,39,69,50,61,427,399,777,179,374,360,708,129,13
86,74,63,75,64,401,283,499,234,315,209,436,159,13
62,85,101,58,57,340,439,438,214,278,354,337,156,13
62,95,72,52,109,382,312,357,149,320,217,285,97,13
81,74,49,78,56,229,247,296,136,148,173,247,58,13
87,83,40,59,54,260,272,272,127,173,189,232,68,13
68,60,47,52,79,264,259,295,121,196,199,248,69,13
82,101,117,81,83,239,171,266,123,157,70,149,42,13
91,65,48,59,61,496,279,370,139,405,214,322,80,13
47,65,86,58,53,445,320,307,162,398,255,221,104,13
54,72,47,47,72,396,1922,371,84,342,1850,324,37,13
42,83,101,92,81,289,238,322,143,247,155,221,51,13
42,202,82,56,56,190,1225,156,928,148,1023,74,872,14
55,65,62,66,65,129,252,91,298,74,187,29,232,14
73,74,39,58,72,143,322,184,692,70,248,145,634,14
57,67,56,57,65,138,351,119,313,81,284,63,256,14
39,58,58,56,65,134,429,112,419,95,371,54,363,14
48,57,73,56,72,102,262,110,246,54,205,37,190,14
56,57,81,48,73,119,238,127,236,63,181,46,188,14
49,74,48,58,64,98,266,110,263,49,192,62,205,14
56,57,81,66,66,118,229,109,237,62,172,28,171,14
63,66,65,58,74,102,460,118,288,39,394,53,230,14
64,73,66,65,91,127,285,129,285,63,212,63,220,14
56,57,73,66,81,110,311,128,286,54,254,55,220,14
65,73,64,57,74,127,654,94,316,62,581,30,259,14
57,90,73,65,82,104,909,129,304,47,819,56,239,14
55,66,48,66,74,134,712,94,271,79,646,46,205,14
65,65,73,49,56,119,270,110,261,54,205,37,212,14
65,74,65,66,81,127,278,119,287,62,204,54,221,14
70,65,65,65,65,108,311,118,286,38,246,53,221,14
49,40,55,65,48,122,730,93,374,73,690,38,309,14
46,74,81,81,66,118,306,103,369,72,232,22,288,14
106,118,80,103,96,157,462,205,1307,51,344,125,1204,15
102,88,100,88,96,162,1171,166,680,60,1083,66,592,15
64,80,93,102,104,138,402,139,410,74,322,46,308,15
96,73,79,102,81,133,491,132,388,37,418,53,286,15
109,89,94,97,104,161,549,131,529,52,460,37,432,15
109,73,87,96,79,183,476,131,521,74,403,44,425,15
104,92,80,111,94,143,400,146,508,39,308,66,397,15
120,94,87,108,81,150,438,162,1445,30,344,75,1337,15
95,95,87,117,88,104,359,169,629,9,264,82,512,15
103,85,86,96,103,128,401,153,396,25,316,67,300,15
88,79,87,96,88,129,459,146,563,41,380,59,467,15
88,75,79,118,81,104,1153,139,483,16,1078,60,365,15
104,102,95,87,90,128,460,155,519,24,358,60,432,15
95,74,86,87,94,133,433,161,452,38,359,75,365,15
105,93,86,102,101,129,636,145,468,24,543,59,366,15
103,94,87,94,88,127,621,169,1007,24,527,82,913,15
120,91,87,101,86,138,391,133,526,18,300,46,425,15
88,93,80,105,94,157,1043,146,485,69,950,66,380,15
87,87,89,103,94,104,343,132,534,17,256,43,431,15
87,87,80,109,87,112,395,161,796,25,308,81,687,15
128,102,62,104,122,273,1176,1424,394,145,1074,1362,290,16
60,82,100,87,101,294,358,340,255,234,276,240,168,16
98,122,124,84,128,285,265,317,293,187,143,193,209,16
116,103,113,81,102,261,300,700,218,145,197,587,137,16
142,115,126,96,105,698,418,849,305,556,303,723,209,16
126,152,178,142,151,348,358,717,272,222,206,539,130,16
113,114,138,130,142,247,303,419,277,134,189,281,147,16
138,136,125,122,114,276,306,516,224,138,170,391,102,16
99,90,162,113,132,269,268,460,259,170,178,298,146,16
133,127,109,94,125,446,461,410,208,313,334,301,114,16
64,106,95,90,107,181,183,301,189,117,77,206,99,16
82,83,85,82,92,191,153,407,183,109,70,322,101,16
84,67,93,74,75,192,194,354,201,108,127,261,127,16
84,67,95,72,114,210,144,282,190,126,77,187,118,16
90,84,77,98,84,225,182,404,202,135,98,327,104,16
69,91,94,94,89,208,150,192,202,139,59,98,108,16
79,111,94,74,104,267,197,348,200,188,86,254,126,16
125,82,92,66,104,262,155,220,190,137,73,128,124,16
104,98,84,113,83,201,222,192,279,97,124,108,166,16
10,105,76,76,85,115,211,173,231,105,106,97,155,16
61,40,27,52,71,415,1532,1806,237,354,1492,1779,185,17
59,81,40,56,63,317,534,404,250,258,453,364,194,17
48,48,40,80,72,329,535,323,304,281,487,283,224,17
55,56,76,65,54,369,713,406,259,314,657,330,194,17
54,64,56,64,57,279,654,525,452,225,590,469,388,17
82,43,48,48,55,757,439,329,224,675,396,281,176,17
71,72,31,56,72,321,289,273,226,250,217,242,170,17
56,65,46,65,73,297,471,475,379,241,406,429,314,17
85,64,65,56,65,383,305,413,280,298,241,348,224,17
85,56,81,54,72,539,298,680,213,454,242,599,159,17
83,72,64,56,64,373,315,372,223,290,243,308,167,17
64,77,48,65,72,984,449,502,242,920,372,454,177,17
72,53,64,34,65,711,425,614,292,639,372,550,258,17
81,65,48,55,64,469,395,379,345,388,330,331,290,17
87,57,64,63,71,402,495,653,362,315,438,589,299,17
56,57,68,57,64,411,761,432,420,355,704,364,363,17
71,66,64,73,65,351,309,471,256,280,243,407,183,17
72,65,90,72,89,386,267,308,233,314,202,218,161,17
60,120,73,73,81,230,336,529,223,170,216,456,150,17
73,80,71,73,74,256,266,330,251,183,186,259,178,17
57,94,76,61,69,293,373,1136,1239,236,279,1060,1178,18
113,101,88,80,94,417,427,958,266,304,326,870,186,18
75,82,84,90,86,366,290,349,472,291,208,265,382,18
94,85,114,91,98,419,304,472,179,325,219,358,88,18
95,106,92,98,83,320,283,380,179,225,177,288,81,18
92,101,100,87,93,427,263,362,209,335,162,262,122,18
113,112,92,127,121,306,354,367,234,193,242,275,107,18
129,139,139,100,113,328,330,339,182,199,191,200,82,18
108,119,120,93,116,248,296,366,173,140,177,246,80,18
100,107,119,86,96,323,335,401,172,223,228,282,86,18
97,113,122,106,118,346,351,552,179,249,238,430,73,18
95,112,119,100,130,366,329,835,172,271,217,716,72,18
107,114,109,89,103,312,297,339,184,205,183,230,95,18
106,130,110,137,104,323,322,428,196,217,192,318,59,18
120,98,108,94,103,359,346,553,147,239,248,445,53,18
90,122,71,102,106,263,310,318,163,173,188,247,61,18
106,119,88,96,108,264,328,332,219,158,209,244,123,18
121,138,98,104,99,330,384,431,161,209,246,333,57,18
106,116,119,113,95,307,277,357,243,201,161,238,130,18
145,132,112,38,106,339,315,374,278,194,183,262,240,18
57,59,55,59,70,784,257,280,1011,727,198,225,952,19
84,61,55,53,79,207,259,220,1078,123,198,165,1025,19
103,60,74,68,81,306,346,273,257,203,286,199,189,19
80,79,60,59,98,214,275,260,139,134,196,200,80,19
75,65,55,61,108,198,249,312,134,123,184,257,73,19
83,58,56,62,86,216,256,263,184,133,198,207,122,19
70,94,43,42,36,649,302,238,190,579,208,195,148,19
87,63,56,52,85,286,281,265,126,199,218,209,74,19
81,62,64,51,58,354,258,263,170,273,196,199,119,19
113,66,55,60,71,282,272,261,170,169,206,206,110,19
91,53,52,63,71,308,276,274,236,217,223,222,173,19
98,50,57,65,67,382,279,275,181,284,229,218,116,19
73,53,54,54,78,339,251,250,143,266,198,196,89,19
88,60,52,49,68,262,249,272,214,174,189,220,165,19
73,67,52,61,71,248,266,242,157,175,199,190,96,19
106,61,55,43,70,354,282,280,174,248,221,225,131,19
53,69,60,69,59,235,261,258,202,182,192,198,133,19
69,55,48,65,61,315,265,278,154,246,210,230,89,19
87,48,52,53,69,274,264,300,185,187,216,248,132,19
61,50,53,49,53,236,257,306,215,175,207,253,166,19
61,62,40,83,72,4116,2137,286,1113,4055,2075,246,1030,20
83,98,108,98,49,210,1221,594,578,127,1123,486,480,20
98,80,51,70,73,275,374,214,1738,177,294,163,1668,20
90,69,72,79,65,152,1546,251,527,62,1477,179,448,20
88,109,89,82,55,130,355,265,454,42,246,176,372,20
81,82,48,66,72,123,553,166,412,42,471,118,346,20
73,74,30,45,74,201,520,203,140,128,446,173,95,20
88,82,65,83,57,198,537,150,462,110,455,85,379,20
88,91,64,80,81,148,253,176,468,60,162,112,388,20
66,57,72,79,90,159,387,192,393,93,330,120,314,20
56,108,66,64,98,114,284,186,200,58,176,120,136,20
88,98,73,90,95,156,703,234,356,68,605,161,266,20
79,105,47,80,80,173,587,175,193,94,482,128,113,20
82,72,71,78,97,152,385,202,349,70,313,131,271,20
79,74,65,82,80,416,837,192,394,337,763,127,312,20
64,57,90,73,106,216,259,511,402,152,202,421,329,20
99,66,68,91,90,114,620,167,421,15,554,99,330,20
83,69,78,87,46,132,565,225,611,49,496,147,524,20
73,55,66,79,57,144,601,168,459,71,546,102,380,20
72,64,49,64,56,151,652,353,384,79,588,304,320,20
70,112,101,118,95,721,648,9174,467,651,536,9073,349,21
141,88,68,98,105,1109,718,893,468,968,630,825,370,21
109,91,108,101,97,1317,641,830,586,1208,550,722,485,21
99,105,77,110,91,604,712,488,585,505,607,411,475,21
120,89,58,90,85,473,1005,433,433,353,916,375,343,21
107,99,87,98,103,830,1048,502,469,723,949,415,371,21
111,85,69,103,90,538,417,526,480,427,332,457,377,21
98,90,81,74,90,576,501,357,323,478,411,276,249,21
130,90,69,89,100,380,389,329,308,250,299,260,219,21
120,110,38,69,81,964,555,350,317,844,445,312,248,21
119,78,78,68,59,544,1087,1108,379,425,1009,1030,311,21
100,69,59,65,99,1183,452,453,1541,1083,383,394,1476,21
120,70,58,87,78,393,430,729,381,273,360,671,294,21
113,58,50,79,73,402,371,347,407,289,313,297,328,21
110,58,80,80,65,452,339,386,350,342,281,306,270,21
120,88,46,88,109,402,394,756,391,282,306,710,303,21
106,78,81,81,71,718,376,937,462,612,298,856,381,21
130,79,68,90,81,739,362,654,512,609,283,586,422,21
111,71,81,59,92,433,305,371,372,322,234,290,313,21
103,71,92,87,89,543,360,630,253,440,289,538,166,21
106,85,91,103,114,222,444,858,765,116,359,767,662,22
67,64,81,102,78,233,1463,269,1095,166,1399,188,993,22
62,56,78,87,115,237,1336,217,1125,175,1280,139,1038,22
82,64,110,89,94,220,508,270,781,138,444,160,692,22
91,93,106,85,67,209,1111,219,1385,118,1018,113,1300,22
54,56,82,72,67,201,315,327,598,147,259,245,526,22
72,93,73,82,82,183,488,231,1533,111,395,158,1451,22
61,72,83,66,70,208,468,238,781,147,396,155,715,22
59,65,89,67,67,244,1030,218,1039,185,965,129,972,22
33,42,85,83,80,210,322,393,630,177,280,308,547,22
87,82,84,85,110,199,286,306,473,112,204,222,388,22
65,86,74,89,94,192,269,413,510,127,183,339,421,22
87,93,96,65,87,196,402,336,583,109,309,240,518,22
74,84,93,76,103,209,421,287,384,135,337,194,308,22
84,104,84,39,98,181,662,238,667,97,558,154,628,22
93,71,98,82,106,213,363,318,393,120,292,220,311,22
56,56,52,46,44,201,370,302,807,145,314,250,761,22
45,8,53,35,79,200,293,275,712,155,285,222,677,22
84,82,96,103,98,203,344,296,546,119,262,200,443,22
82,74,92,55,92,194,660,230,661,112,586,138,606,22
72,73,76,74,84,459,644,384,502,387,571,308,428,23
82,82,56,66,73,319,184,193,293,237,102,137,227,23
58,62,45,64,80,270,143,308,201,212,81,263,137,23
65,98,50,65,83,143,485,645,216,78,387,595,151,23
75,65,67,65,79,245,451,151,396,170,386,84,331,23
84,92,92,65,82,236,228,208,166,152,136,116,101,23
66,73,56,50,81,219,134,334,186,153,61,278,136,23
60,69,57,61,83,232,146,247,188,172,77,190,127,23
78,79,80,63,93,258,510,225,341,180,431,145,278,23
80,82,47,70,89,259,361,236,207,179,279,189,137,23
48,41,74,72,90,458,194,337,191,410,153,263,119,23
71,67,68,66,88,283,149,252,203,212,82,184,137,23
66,82,73,57,66,251,178,401,200,185,96,328,143,23
65,91,74,74,90,293,292,228,183,228,201,154,109,23
76,55,56,71,65,329,493,227,174,253,438,171,103,23
57,75,73,73,81,261,210,275,184,204,135,202,111,23
90,82,66,66,90,234,193,159,143,144,111,93,77,23
64,74,73,66,83,240,469,193,133,176,395,120,67,23
91,78,71,63,78,322,623,230,371,231,545,159,308,23
64,69,66,69,80,246,247,272,290,182,178,206,221,23
72,89,74,74,82,306,241,332,158,234,152,258,84,24
80,72,88,55,55,200,175,333,124,120,103,245,69,24
63,70,63,56,63,200,190,232,159,137,120,169,103,24
81,72,72,71,64,208,183,225,157,127,111,153,86,24
64,79,70,63,74,201,200,789,124,137,121,719,61,24
72,79,72,71,79,225,199,292,174,153,120,220,103,24
63,84,79,80,87,241,201,265,184,178,117,186,104,24
64,71,71,79,80,217,199,267,190,153,128,196,111,24
64,88,71,73,79,201,233,272,185,137,145,201,112,24
73,79,89,81,80,218,191,265,225,145,112,176,144,24
80,72,71,49,80,233,200,239,193,153,128,168,144,24
87,54,64,65,73,232,174,241,174,145,120,177,109,24
81,79,63,71,63,242,233,682,133,161,154,619,62,24
55,64,71,55,73,199,192,358,149,144,128,287,94,24
80,64,47,63,72,226,190,276,140,146,126,229,77,24
73,65,73,62,55,250,199,551,107,177,134,478,45,24
79,50,72,74,63,256,209,407,126,177,159,335,52,24
81,97,79,80,82,217,217,382,114,136,120,303,34,24
73,63,63,82,72,233,200,331,117,160,137,268,35,24
79,72,64,55,73,225,224,283,90,146,152,219,35,24
132,94,87,78,92,495,746,2052,3486,363,652,1965,3408,25
82,64,56,52,50,521,779,923,824,439,715,867,772,25
66,67,48,40,56,569,3136,817,890,503,3069,769,850,25
85,51,72,50,69,998,799,1061,534,913,748,989,484,25
70,72,50,27,67,401,749,720,462,331,677,670,435,25
62,74,67,33,50,391,1093,706,385,329,1019,639,352,25
58,49,25,47,51,360,995,624,423,302,946,599,376,25
58,63,27,56,67,346,550,663,1816,288,487,636,1760,25
40,58,60,59,51,401,584,638,560,361,526,578,501,25
51,69,59,56,62,350,495,641,461,299,426,582,405,25
72,78,33,40,60,338,857,572,432,266,779,539,392,25
81,77,57,37,41,397,597,583,441,316,520,526,404,25
59,98,53,42,48,320,480,497,448,261,382,444,406,25
64,84,69,53,58,331,443,627,388,267,359,558,335,25
39,62,52,56,77,347,446,515,331,308,384,463,275,25
66,62,51,49,62,356,488,539,323,290,426,488,274,25
58,73,63,50,56,320,370,481,339,262,297,418,289,25
66,63,43,32,57,330,575,577,286,264,512,534,254,25
52,77,50,56,45,244,588,503,389,192,511,453,333,25
46,60,76,52,64,255,353,794,407,209,293,718,355,25
37,50,57,70,62,344,519,964,244,307,469,907,174,26
55,61,22,44,54,228,223,228,175,173,162,206,131,26
69,45,46,52,55,218,182,236,175,149,137,190,123,26
76,58,62,64,56,218,196,242,192,142,138,180,128,26
53,63,55,54,69,199,191,228,185,146,128,173,131,26
56,50,71,74,62,208,208,274,175,152,158,203,101,26
68,78,52,84,61,181,202,227,188,113,124,175,104,26
59,60,60,72,79,215,202,218,174,156,142,158,102,26
69,54,41,57,81,235,204,242,172,166,150,201,115,26
69,77,69,57,61,193,200,229,181,124,123,160,124,26
76,86,50,64,69,182,203,213,170,106,117,163,106,26
59,65,53,72,70,173,192,192,166,114,127,139,94,26
55,66,54,74,57,175,169,200,165,120,103,146,91,26
57,52,63,65,73,173,164,207,151,116,112,144,86,26
72,79,62,73,79,184,194,207,159,112,115,145,86,26
56,72,62,48,77,172,179,210,156,116,107,148,108,26
36,77,73,60,54,151,181,237,172,115,104,164,112,26
67,69,59,48,60,183,204,211,171,116,135,152,123,26
62,78,79,61,76,177,195,205,159,115,117,126,98,26
62,71,113,52,64,161,188,200,147,99,117,87,95,26
83,105,84,106,82,563,467,687,356,480,362,603,250,27
88,90,86,119,90,389,268,392,307,301,178,306,188,27
65,98,72,118,99,441,267,370,319,376,169,298,201,27
68,87,106,78,83,312,266,577,269,244,179,471,191,27
94,96,87,105,114,282,266,291,292,188,170,204,187,27
85,70,89,105,94,282,241,291,276,197,171,202,171,27
74,87,88,105,87,254,250,299,268,180,163,211,163,27
97,104,96,121,94,290,236,306,302,193,132,210,181,27
95,98,96,122,114,265,241,318,281,170,143,222,159,27
87,71,110,120,105,311,322,609,265,224,251,499,145,27
106,100,77,107,96,317,294,495,285,211,194,418,178,27
95,88,93,105,96,299,255,321,282,204,167,228,177,27
89,70,87,127,62,359,250,426,731,270,180,339,604,27
84,90,79,115,111,305,266,299,277,221,176,220,162,27
89,89,90,106,86,301,231,316,294,212,142,226,188,27
79,96,90,130,111,309,258,391,301,230,162,301,171,27
96,99,53,122,106,290,736,341,323,194,637,288,201,27
94,81,84,114,79,324,268,367,339,230,187,283,225,27
103,122,89,130,103,365,289,317,318,262,167,228,188,27
97,107,86,123,89,393,258,339,291,296,151,253,168,27
98,78,105,101,61,109,781,494,311,11,703,389,210,28
60,89,105,96,72,119,194,298,216,59,105,193,120,28
60,82,114,107,70,163,370,304,255,103,288,190,148,28
75,73,105,87,62,152,142,298,193,77,69,193,106,28
68,82,87,122,87,152,285,778,279,84,203,691,157,28
60,90,90,98,69,120,176,297,431,60,86,207,333,28
84,73,98,107,80,107,194,455,210,23,121,357,103,28
76,107,79,105,80,277,420,256,243,201,313,177,138,28
71,71,117,106,81,243,156,282,218,172,85,165,112,28
69,107,110,89,81,226,148,307,210,157,41,197,121,28
58,78,98,105,66,243,129,272,216,185,51,174,111,28
76,90,106,106,100,259,106,262,199,183,16,156,93,28
61,72,115,104,63,252,149,291,217,191,77,176,113,28
75,90,115,126,78,258,184,304,363,183,94,189,237,28
86,88,115,96,54,261,192,298,244,175,104,183,148,28
103,107,87,114,79,320,588,245,157,217,481,158,43,28
60,71,70,104,72,235,428,247,172,175,357,177,68,28
70,104,107,86,63,246,295,294,223,176,191,187,137,28
47,80,87,105,64,221,195,243,181,174,115,156,76,28
67,90,100,86,71,224,165,292,182,157,75,192,96,28
53,87,80,78,96,333,509,248,476,280,422,168,398,29
75,56,67,73,91,281,1099,201,531,206,1043,134,458,29
88,61,79,81,86,469,878,171,357,381,817,92,276,29
61,86,96,85,87,310,427,314,286,249,341,218,201,29
78,87,75,71,95,294,502,189,189,216,415,114,118,29
84,98,96,95,96,217,363,181,229,133,265,85,134,29
74,94,87,87,77,242,624,212,219,168,530,125,132,29
71,87,71,80,84,329,303,164,217,258,216,93,137,29
88,79,70,79,95,197,304,164,370,109,225,94,291,29
87,80,89,73,90,196,236,188,272,109,156,99,199,29
77,86,84,72,79,197,248,169,724,120,162,85,652,29
76,95,81,64,88,309,278,173,297,233,183,92,233,29
84,71,80,64,75,203,221,165,173,119,150,85,109,29
60,71,61,81,80,194,403,154,238,134,332,93,157,29
68,88,79,85,91,168,610,171,320,100,522,92,235,29
87,73,87,75,89,207,985,188,312,120,912,101,237,29
75,83,91,71,73,200,527,190,244,125,444,99,173,29
71,97,67,81,90,172,293,159,163,101,196,92,82,29
76,68,87,73,89,304,564,190,195,228,496,103,122,29
79,88,81,62,78,284,661,195,190,205,573,114,128,29
99,105,94,93,71,602,540,981,424,503,435,887,331,30
73,84,66,92,78,757,462,822,633,684,378,756,541,30
76,113,78,92,72,450,422,1741,540,374,309,1663,448,30
63,80,70,95,81,516,389,1335,509,453,309,1265,414,30
68,74,69,91,99,490,318,860,520,422,244,791,429,30
70,66,66,82,82,638,339,1311,453,568,273,1245,371,30
72,71,69,83,73,462,457,1221,520,390,386,1152,437,30
74,74,63,89,79,518,539,1078,480,444,465,1015,391,30
80,82,65,75,66,500,512,831,496,420,430,766,421,30
65,83,76,65,69,459,403,629,302,394,320,553,237,30
71,80,63,81,74,477,314,563,414,406,234,500,333,30
73,84,69,66,68,451,344,910,460,378,260,841,394,30
61,78,63,75,83,462,357,1268,454,401,279,1205,379,30
64,82,69,90,76,419,318,901,394,355,236,832,304,30
68,84,69,74,77,486,345,958,377,418,261,889,303,30
65,80,65,74,66,446,287,783,699,381,207,718,625,30
62,64,63,82,76,632,291,1074,386,570,227,1011,304,30
74,91,66,90,91,709,321,685,881,635,230,619,791,30
67,84,76,90,82,676,303,712,494,609,219,636,404,30
81,85,83,100,86,359,290,661,317,278,205,578,217,30
81,133,114,144,133,973,497,677,1554,892,364,563,1410,31
129,128,119,101,102,1274,468,351,739,1145,340,232,638,31
102,145,117,79,71,351,526,1404,234,249,381,1287,155,31
120,114,95,81,72,289,700,254,228,169,586,159,147,31
103,116,83,85,91,352,376,253,361,249,260,170,276,31
120,110,111,121,82,300,439,350,329,180,329,239,208,31
90,110,104,99,111,282,235,321,242,192,125,217,143,31
94,131,116,92,97,391,502,291,234,297,371,175,142,31
91,107,105,88,80,256,463,312,306,165,356,207,218,31
107,146,122,112,89,343,341,301,257,236,195,179,145,31
98,108,102,108,102,343,394,265,322,245,286,163,214,31
111,117,109,118,119,300,286,267,253,189,169,158,135,31
97,102,128,101,90,306,398,297,238,209,296,169,137,31
85,114,121,104,83,217,202,265,229,132,88,144,125,31
100,135,103,96,102,273,225,256,214,173,90,153,118,31
102,113,106,122,86,218,221,264,345,116,108,158,223,31
106,115,107,112,92,251,257,249,229,145,142,142,117,31
82,100,105,92,84,230,197,256,220,148,97,151,128,31
103,140,108,103,75,345,377,255,237,242,237,147,134,31
112,113,111,112,84,280,227,258,245,168,114,147,133,31
60,33,88,80,69,542,602,474,1387,482,569,386,1307,32
69,65,61,49,97,243,617,205,335,174,552,144,286,32
82,64,41,56,73,223,853,179,268,141,789,138,212,32
72,57,74,58,93,200,879,175,177,128,822,101,119,32
55,44,71,90,61,163,489,167,206,108,445,96,116,32
73,55,63,84,74,181,349,158,195,108,294,95,111,32
44,59,51,67,74,165,404,159,195,121,345,108,128,32
64,87,55,64,76,199,1308,184,197,135,1221,129,133,32
66,53,69,80,63,523,1323,171,198,457,1270,102,118,32
71,72,46,44,93,298,513,202,444,227,441,156,400,32
79,47,75,79,94,241,356,169,187,162,309,94,108,32
64,71,34,73,72,306,534,153,202,242,463,119,129,32
93,54,54,66,82,237,669,158,195,144,615,104,129,32
65,78,44,55,119,220,705,172,163,155,627,128,108,32
76,54,62,74,72,195,353,145,180,119,299,83,106,32
67,33,80,66,99,194,218,183,143,127,185,103,77,32
57,61,46,97,74,183,288,153,163,126,227,107,66,32
93,56,57,52,73,197,209,445,257,104,153,388,205,32
52,51,71,93,74,181,197,153,202,129,146,82,109,32
44,69,65,95,81,150,188,157,191,106,119,92,96,32
61,48,65,58,83,1259,683,1948,365,1198,635,1883,307,33
67,55,67,69,68,740,347,466,317,673,292,399,248,33
17,57,67,81,74,740,257,243,298,723,200,176,217,33
57,51,73,75,73,289,1082,1263,871,232,1031,1190,796,33
75,34,66,74,101,673,817,373,316,598,783,307,242,33
73,56,75,66,82,850,715,1173,715,777,659,1098,649,33
72,50,73,66,65,406,717,1721,766,334,667,1648,700,33
83,56,77,58,66,1281,481,992,389,1198,425,915,331,33
25,48,65,48,65,549,383,292,332,524,335,227,284,33
65,57,50,82,74,398,390,351,316,333,333,301,234,33
64,56,67,58,74,665,307,315,267,601,251,248,209,33
59,50,65,66,76,399,333,249,225,340,283,184,159,33
57,58,58,84,83,247,409,307,284,190,351,249,200,33
66,18,64,73,74,816,359,332,250,750,341,268,177,33
74,34,76,59,73,366,248,358,209,292,214,282,150,33
68,73,50,68,68,1043,1087,266,242,975,1014,216,174,33
74,49,67,69,67,499,592,448,291,425,543,381,222,33
49,65,73,74,58,290,974,232,291,241,909,159,217,33
75,64,55,75,57,749,2120,232,240,674,2056,177,165,33
67,42,75,41,50,324,690,307,365,257,648,232,324,33
106,93,87,85,77,497,978,926,377,391,885,839,292,34
53,76,34,58,70,363,624,485,359,310,548,451,301,34
58,42,35,51,83,308,735,393,677,250,693,358,626,34
86,80,63,77,76,288,862,383,776,202,782,320,699,34
61,62,49,65,60,253,642,411,288,192,580,362,223,34
59,28,72,85,67,693,404,481,267,634,376,409,182,34
34,63,71,76,35,198,418,438,557,164,355,367,481,34
53,69,25,53,71,293,376,558,320,240,307,533,267,34
79,83,73,49,68,397,452,1038,221,318,369,965,172,34
68,66,51,44,77,664,258,433,566,596,192,382,522,34
52,79,52,48,60,274,316,430,222,222,237,378,174,34
63,81,54,55,55,378,316,352,360,315,235,298,305,34
57,73,52,43,41,204,408,728,310,147,335,676,267,34
82,64,58,49,74,299,423,382,262,217,359,324,213,34
79,57,104,72,63,289,583,737,284,210,526,633,212,34
43,43,70,34,44,560,282,589,371,517,239,519,337,34
82,41,22,56,54,652,450,501,230,570,409,479,174,34
44,32,20,61,81,370,306,1039,277,326,274,1019,216,34
34,59,76,30,68,435,299,623,244,401,240,547,214,34
44,80,48,55,68,413,425,488,243,369,345,440,188,34
19,55,117,75,68,885,472,899,622,866,417,782,547,35
71,54,67,56,73,261,231,1166,474,190,177,1099,418,35
73,67,63,58,72,227,183,175,179,154,116,112,121,35
49,68,83,66,63,197,176,600,225,148,108,517,159,35
48,73,89,60,42,250,193,707,275,202,120,618,215,35
76,57,47,48,47,227,158,150,184,151,101,103,136,35
70,48,58,40,49,241,157,159,159,171,109,101,119,35
40,39,59,56,49,234,158,159,182,194,119,100,126,35
69,48,82,60,61,250,142,157,184,181,94,75,124,35
90,67,73,106,69,308,184,442,507,218,117,369,401,35
74,74,71,57,83,385,350,400,325,311,276,329,268,35
85,80,65,56,47,203,189,209,199,118,109,144,143,35
60,47,58,47,72,218,174,176,181,158,127,118,134,35
73,68,59,67,79,249,176,550,394,176,108,491,327,35
73,39,91,59,92,291,192,649,541,218,153,558,482,35
59,59,43,77,83,316,183,581,520,257,124,538,443,35
92,82,70,39,57,317,333,309,366,225,251,239,327,35
92,80,93,72,83,242,212,247,221,150,132,154,149,35
56,40,67,64,62,241,181,212,484,185,141,145,420,35
88,28,52,40,82,252,153,345,558,164,125,293,518,35
59,59,40,62,73,151,194,209,158,92,135,169,96,36
44,47,74,78,50,182,209,244,191,138,162,170,113,36
54,55,56,96,59,140,175,194,197,86,120,138,101,36
32,29,61,70,74,160,184,192,158,128,155,131,88,36
47,62,63,71,46,144,168,183,158,97,106,120,87,36
89,39,49,48,67,174,174,255,158,85,135,206,110,36
61,47,97,98,97,1069,729,874,404,1008,682,777,306,36
71,53,62,57,91,176,192,601,131,105,139,539,74,36
36,56,71,47,47,149,176,367,175,113,120,296,128,36
33,72,36,67,73,143,220,345,169,110,148,309,102,36
65,38,56,57,72,178,175,324,152,113,137,268,95,36
57,46,58,58,76,154,180,301,159,97,134,243,101,36
100,66,58,75,76,184,192,301,159,84,126,243,84,36
57,67,66,56,90,167,184,303,149,110,117,237,93,36
74,49,66,82,75,167,159,326,151,93,110,260,69,36
76,59,64,50,58,167,162,282,159,91,103,218,109,36
43,58,49,66,81,145,184,283,161,102,126,234,95,36
49,83,40,57,65,143,226,317,159,94,143,277,102,36
40,83,49,83,92,116,218,276,158,76,135,227,75,36
50,74,66,73,63,160,193,317,205,110,119,251,132,36
74,82,84,58,67,270,364,412,753,196,282,328,695,37
77,82,89,105,72,334,478,390,461,257,396,301,356,37
81,82,74,88,79,252,465,1190,572,171,383,1116,484,37
91,92,81,103,93,253,338,339,296,162,246,258,193,37
56,74,90,114,82,120,236,231,221,64,162,141,107,37
55,89,79,81,49,164,594,274,232,109,505,195,151,37
55,71,66,80,67,208,501,366,268,153,430,300,188,37
66,84,93,103,94,291,431,310,402,225,347,217,299,37
88,82,60,94,59,263,461,280,255,175,379,220,161,37
59,84,83,103,49,264,466,303,350,205,382,220,247,37
109,102,56,76,64,252,572,510,487,143,470,454,411,37
65,93,86,105,76,282,513,365,386,217,420,279,281,37
68,81,82,103,70,336,457,316,370,268,376,234,267,37
47,61,92,89,94,304,361,286,423,257,300,194,334,37
101,72,86,91,70,250,402,307,308,149,330,221,217,37
91,93,58,103,96,305,563,325,296,214,470,267,193,37
66,98,78,91,71,291,606,303,285,225,508,225,194,37
67,93,93,91,47,260,318,265,244,193,225,172,153,37
89,79,83,91,68,232,305,277,233,143,226,194,142,37
105,82,72,95,94,252,297,263,307,147,215,191,212,37
47,65,87,95,64,536,798,3302,240,489,733,3215,145,38
55,57,62,72,63,399,654,208,251,344,597,146,179,38
75,64,71,97,83,212,484,201,250,137,420,130,153,38
88,90,56,81,72,199,460,201,251,111,370,145,170,38
61,87,81,81,57,200,324,234,525,139,237,153,444,38
62,81,79,105,57,201,378,242,483,139,297,163,378,38
73,97,56,64,106,227,525,229,251,154,428,173,187,38
61,30,86,89,54,241,353,216,260,180,323,130,171,38
48,81,56,57,55,260,459,210,252,212,378,154,195,38
77,97,96,89,74,190,251,217,235,113,154,121,146,38
96,81,61,80,98,258,879,208,308,162,798,147,228,38
65,66,53,82,98,303,426,216,268,238,360,163,186,38
81,103,105,65,90,289,555,292,310,208,452,187,245,38
34,62,55,90,81,307,574,184,269,273,512,129,179,38
90,96,39,71,105,263,499,194,267,173,403,155,196,38
81,87,57,73,97,254,323,194,251,173,236,137,178,38
72,78,64,73,64,220,332,226,602,148,254,162,529,38
80,64,65,73,89,243,350,218,252,163,286,153,179,38
81,89,55,88,81,235,527,235,317,154,438,180,229,38
79,95,56,81,73,285,500,227,301,206,405,171,220,38
69,47,66,47,57,473,986,751,723,404,939,685,676,39
60,72,56,73,50,319,526,352,912,259,454,296,839,39
69,56,63,65,64,260,397,328,314,191,341,265,249,39
62,72,63,55,69,270,257,675,727,208,185,612,672,39
59,54,64,53,65,456,369,819,498,397,315,755,445,39
59,64,70,72,73,357,331,296,314,298,267,226,242,39
57,72,50,55,57,183,1275,218,375,126,1203,168,320,39
60,64,56,54,64,236,206,217,615,176,142,161,561,39
65,71,65,72,64,182,245,209,206,117,174,144,134,39
57,72,55,65,64,198,339,189,224,141,267,134,159,39
64,72,55,70,71,290,849,207,247,226,777,152,177,39
72,72,65,64,63,190,221,225,273,118,149,160,209,39
39,64,56,65,67,198,206,197,207,159,142,141,142,39
51,74,56,65,73,399,263,206,216,348,189,150,151,39
77,89,64,63,55,219,157,199,206,142,68,135,143,39
56,80,65,65,57,232,173,214,224,176,93,149,159,39
59,80,72,56,72,203,223,214,264,144,143,142,208,39
50,63,55,65,63,168,181,205,217,118,118,150,152,39
68,80,56,57,46,178,190,215,206,110,110,159,149,39
76,80,55,63,64,211,206,215,198,135,126,160,135,39
60,92,54,94,90,723,454,413,311,663,362,359,217,40
78,95,90,94,82,690,395,448,338,612,300,358,244,40
83,86,83,70,83,665,387,627,320,582,301,544,250,40
84,91,93,97,84,581,358,389,346,497,267,296,249,40
89,71,91,60,72,731,289,1160,340,642,218,1069,280,40
113,111,77,76,73,573,361,682,329,460,250,605,253,40
99,87,92,101,82,659,337,494,327,560,250,402,226,40
109,82,83,76,82,479,342,694,302,370,260,611,226,40
69,92,106,99,106,558,311,425,309,489,219,319,210,40
106,74,83,94,64,578,316,551,447,472,242,468,353,40
57,99,75,69,66,477,325,849,320,420,226,774,251,40
97,86,84,67,74,845,319,400,321,748,233,316,254,40
89,83,90,84,81,466,310,509,320,377,227,419,236,40
75,99,78,92,98,538,364,330,292,463,265,252,200,40
87,109,83,100,71,557,360,328,362,470,251,245,262,40
87,92,84,110,92,490,325,292,342,403,233,208,232,40
97,100,84,99,82,518,290,311,325,421,190,227,226,40
83,109,89,90,80,615,302,281,327,532,193,192,237,40
66,101,93,109,84,536,301,334,334,470,200,241,225,40
69,78,91,107,75,493,322,326,307,424,244,235,200,40
75,82,98,81,65,1443,350,317,399,1368,268,219,318,41
82,82,81,81,64,317,284,300,400,235,202,219,319,41
81,46,47,66,66,235,349,249,416,154,303,202,350,41
64,64,77,94,80,99,1668,283,333,35,1604,206,239,41
79,87,45,78,63,90,543,283,334,11,456,238,256,41
78,145,79,62,112,200,550,250,350,122,405,171,288,41
94,43,64,78,112,285,264,250,217,191,221,186,139,41
95,62,63,62,95,216,267,217,233,121,205,154,171,41
95,78,63,62,95,183,284,216,250,88,206,153,188,41
78,95,79,63,96,166,300,217,233,88,205,138,170,41
78,94,78,63,63,167,300,250,350,89,206,172,287,41
78,78,46,61,95,266,317,217,216,188,239,171,155,41
95,95,66,45,93,333,563,236,554,238,468,170,509,41
79,78,63,95,78,200,334,216,267,121,256,153,172,41
95,46,79,78,95,316,267,234,200,221,221,155,122,41
112,79,79,62,79,266,284,250,216,154,205,171,154,41
78,95,64,78,78,149,367,233,234,71,272,169,156,41
95,78,79,62,97,216,617,267,299,121,539,188,237,41
129,78,64,79,81,234,333,216,250,105,255,152,171,41
95,95,95,79,145,199,300,250,334,104,205,155,255,41
53,59,70,60,45,189,268,197,354,136,209,127,294,42
76,62,43,45,52,144,213,135,261,68,151,92,216,42
79,60,59,53,49,138,214,169,272,59,154,110,219,42
70,61,61,60,61,145,187,179,329,75,126,118,269,42
60,68,61,77,69,129,221,160,213,69,153,99,136,42
68,62,63,70,69,136,187,163,303,68,125,100,233,42
78,69,59,53,61,179,221,210,313,101,152,151,260,42
61,68,70,59,70,172,295,196,485,111,227,126,426,42
59,54,60,69,59,126,180,146,222,67,126,86,153,42
67,52,50,61,61,153,205,168,220,86,153,118,159,42
68,53,69,69,61,161,213,237,279,93,160,168,210,42
69,62,60,60,68,145,213,203,230,76,151,143,170,42
61,61,72,52,52,153,220,204,221,92,159,132,169,42
70,60,61,68,70,138,194,222,244,68,134,161,176,42
73,62,69,84,52,153,214,305,262,80,152,236,178,42
69,70,70,53,52,178,211,229,305,109,141,159,252,42
74,59,51,52,42,193,230,210,289,119,171,159,237,42
77,70,87,78,60,203,221,195,262,126,151,108,184,42
67,68,69,59,43,295,260,188,271,228,192,119,212,42
61,59,62,68,68,498,208,165,579,437,149,103,511,42
132,64,115,69,80,209,257,289,939,77,193,174,870,43
65,97,105,72,55,184,300,184,384,119,203,79,312,43
87,87,86,69,64,184,251,744,656,97,164,658,587,43
58,63,88,61,71,144,261,186,363,86,198,98,302,43
73,59,97,65,69,165,253,216,261,92,194,119,196,43
80,113,79,64,81,183,435,156,267,103,322,77,203,43
80,56,97,90,85,216,561,258,346,136,505,161,256,43
70,82,100,88,71,140,314,237,400,70,232,137,312,43
71,81,102,72,87,139,496,146,730,68,415,44,658,43
94,85,122,70,61,227,288,226,511,133,203,104,441,43
74,99,83,57,89,201,282,396,283,127,183,313,226,43
72,95,105,62,72,252,267,967,316,180,172,862,254,43
74,104,109,58,72,229,287,446,358,155,183,337,300,43
106,95,86,46,56,411,544,551,262,305,449,465,216,43
91,114,96,54,76,211,283,443,220,120,169,347,166,43
72,70,103,55,91,226,227,238,257,154,157,135,202,43
80,77,124,63,76,171,246,578,243,91,169,454,180,43
90,98,105,73,96,202,234,315,261,112,136,210,188,43
65,97,118,71,77,151,347,207,293,86,250,89,222,43
80,107,95,89,90,157,396,222,283,77,289,127,194,43
63,68,85,76,52,712,583,1092,1358,649,515,1007,1282,44
85,18,69,85,27,407,467,359,183,322,449,290,98,44
68,45,52,78,69,239,252,249,142,171,207,197,64,44
85,69,69,102,69,508,225,300,175,423,156,231,73,44
77,53,70,68,69,274,167,693,182,197,114,623,114,44
69,70,78,103,53,266,166,359,375,197,96,281,272,44
44,68,68,93,44,333,183,227,182,289,115,159,89,44
53,80,85,95,53,239,178,116,275,186,98,31,180,44
77,78,86,70,28,240,184,141,242,163,106,55,172,44
63,78,77,86,53,208,217,149,217,145,139,72,131,44
62,95,78,95,70,215,209,133,242,153,114,55,147,44
52,65,94,78,69,236,179,133,576,184,114,39,498,44
68,43,53,95,60,282,184,82,260,214,141,29,165,44
53,69,78,79,53,208,158,149,218,155,89,71,139,44
58,69,63,95,62,279,250,125,225,221,181,62,130,44
51,52,94,112,86,290,149,142,317,239,97,48,205,44
76,70,86,64,76,215,209,139,238,139,139,53,174,44
52,78,69,70,78,366,208,141,559,314,130,72,489,44
51,62,69,53,69,198,175,133,193,147,113,64,140,44
68,69,70,119,53,208,241,142,242,140,172,72,123,44
71,94,59,66,110,409,692,886,147,338,598,827,81,45
79,88,77,73,105,1278,408,696,184,1199,320,619,111,45
76,106,90,104,103,304,312,363,353,228,206,273,249,45
102,111,82,89,112,434,353,387,350,332,242,305,261,45
100,93,55,83,95,416,397,383,360,316,304,328,277,45
86,96,90,92,113,374,397,337,355,288,301,247,263,45
92,98,90,88,96,397,382,339,374,305,284,249,286,45
89,89,88,99,87,382,383,322,393,293,294,234,294,45
79,103,92,66,74,385,381,345,374,306,278,253,308,45
90,106,71,88,86,150,351,380,143,60,245,309,55,45
68,82,65,72,110,166,291,367,123,98,209,302,51,45
87,73,70,89,80,180,491,514,226,93,418,444,137,45
93,95,73,71,77,151,371,418,228,58,276,345,157,45
81,69,88,68,62,268,321,923,341,187,252,835,273,45
99,87,62,81,97,244,317,322,214,145,230,260,133,45
95,83,75,76,93,178,331,380,170,83,248,305,94,45
86,72,81,91,100,202,299,349,164,116,227,268,73,45
61,94,71,114,81,175,313,340,645,114,219,269,531,45
73,90,66,89,91,338,359,423,283,265,269,357,194,45
71,90,73,86,84,137,350,485,349,66,260,412,263,45
63,80,59,90,81,200,239,252,310,137,159,193,220,46
88,77,89,73,73,235,332,332,885,147,255,243,812,46
56,66,76,81,73,181,249,228,266,125,183,152,185,46
74,81,80,64,78,217,318,233,228,143,237,153,164,46
65,64,64,83,80,236,668,273,176,171,604,209,93,46
113,56,73,80,72,250,559,410,241,137,503,337,161,46
72,71,73,56,73,226,316,450,216,154,245,377,160,46
65,64,72,67,89,175,184,216,226,110,120,144,159,46
73,91,106,64,92,217,358,261,255,144,267,155,191,46
67,74,65,64,81,283,293,226,284,216,219,161,220,46
64,74,82,72,81,216,316,235,242,152,242,153,170,46
81,63,72,66,99,226,241,249,217,145,178,177,151,46
64,82,80,79,90,190,277,209,216,126,195,129,137,46
75,83,86,56,82,209,244,241,214,134,161,155,158,46
83,74,93,53,81,217,241,236,216,134,167,143,163,46
65,64,63,74,57,193,217,241,249,128,153,178,175,46
65,53,56,72,65,468,324,234,257,403,271,178,185,46
83,73,89,82,94,233,276,273,291,150,203,184,209,46
74,81,91,81,83,242,250,301,325,168,169,210,244,46
80,79,72,63,81,175,191,419,206,95,112,347,143,46
54,94,83,91,58,680,543,365,337,626,449,282,246,47
62,90,74,100,53,475,527,503,821,413,437,429,721,47
88,99,65,90,73,543,549,519,428,455,450,454,338,47
68,82,116,82,117,440,411,354,506,372,329,238,424,47
74,86,62,65,90,751,675,432,474,677,589,370,409,47
69,89,81,80,99,560,505,655,651,491,416,574,571,47
55,100,100,117,96,442,486,546,781,387,386,446,664,47
46,98,124,72,99,877,352,254,454,831,254,130,382,47
55,90,125,93,69,351,535,735,830,296,445,610,737,47
36,107,99,82,99,602,391,345,478,566,284,246,396,47
44,74,116,91,116,365,386,278,378,321,312,162,287,47
71,91,107,82,112,559,486,587,830,488,395,480,748,47
62,82,98,82,117,341,419,262,361,279,337,164,279,47
55,72,45,65,100,788,896,474,519,733,824,429,454,47
59,82,99,65,117,464,461,528,470,405,379,429,405,47
49,88,116,99,99,707,484,346,420,658,396,230,321,47
59,82,99,91,99,456,503,427,453,397,421,328,362,47
74,82,107,117,110,421,387,344,470,347,305,237,353,47
61,65,91,99,100,416,419,379,461,355,354,288,362,47
56,82,133,100,134,395,295,328,403,339,213,195,303,47
101,123,81,131,109,586,358,425,300,485,235,344,169,48
80,106,90,113,90,317,166,243,216,237,60,153,103,48
86,105,82,88,75,297,198,168,217,211,93,86,129,48
64,111,82,80,91,712,171,234,174,648,60,152,94,48
79,100,81,91,104,264,142,174,219,185,42,93,128,48
89,106,82,82,88,293,148,191,193,204,42,109,111,48
89,88,67,82,82,900,182,216,191,811,94,149,109,48
90,79,82,89,89,417,157,284,208,327,78,202,119,48
81,106,66,91,97,359,273,167,184,278,167,101,93,48
98,95,82,105,98,2026,182,183,165,1928,87,101,60,48
114,106,83,91,102,407,157,192,184,293,51,109,93,48
81,82,64,86,106,416,133,245,205,335,51,181,119,48
80,90,64,81,105,483,167,224,185,403,77,160,104,48
94,97,88,81,91,472,125,224,174,378,28,136,93,48
105,123,72,90,80,540,159,190,235,435,36,118,145,48
115,97,73,100,97,543,157,158,218,428,60,85,118,48
105,89,74,63,71,450,175,142,233,345,86,68,170,48
98,106,65,98,82,408,150,157,184,310,44,92,86,48
90,106,82,98,80,433,149,201,234,343,43,119,136,48
105,92,46,91,63,597,195,164,5058,492,103,118,4967,48
34,80,79,61,39,1077,599,1065,555,1043,519,986,494,49
88,80,96,72,54,1289,366,1156,575,1201,286,1060,503,49
81,73,97,96,71,357,658,275,407,276,585,178,311,49
72,81,79,88,64,234,308,216,356,162,227,137,268,49
71,87,70,96,81,300,383,223,308,229,296,153,212,49
64,55,79,71,63,482,292,250,308,418,237,171,237,49
56,94,88,79,80,253,264,242,290,197,170,154,211,49
80,90,96,97,67,266,300,258,345,186,210,162,248,49
89,97,82,72,86,275,274,259,301,186,177,177,229,49
80,95,88,94,95,243,248,260,291,163,153,172,197,49
72,86,96,115,84,259,240,243,311,187,154,147,196,49
81,87,108,104,77,241,239,278,283,160,152,170,179,49
73,94,103,96,70,1068,259,280,509,995,165,177,413,49
88,78,87,87,72,809,248,250,340,721,170,163,253,49
77,94,94,87,67,250,241,257,310,173,147,163,223,49
77,71,97,82,72,298,298,530,1074,221,227,433,992,49
87,87,93,95,87,499,252,256,315,412,165,163,220,49
63,88,80,89,71,257,250,249,291,194,162,169,202,49
79,79,95,88,80,241,258,249,283,162,179,154,195,49
78,86,88,95,78,241,257,234,291,163,171,146,196,49
89,111,97,104,70,727,1019,535,1213,638,908,438,1109,50
101,66,74,80,50,443,657,1474,1968,342,591,1400,1888,50
96,90,98,86,86,696,624,647,758,600,534,549,672,50
103,51,106,82,86,421,350,363,396,318,299,257,314,50
74,46,91,60,58,411,430,334,467,337,384,243,407,50
88,84,106,85,79,324,349,273,522,236,265,167,437,50
86,66,93,104,84,483,295,618,365,397,229,525,261,50
76,89,92,70,74,348,371,405,319,272,282,313,249,50
74,60,93,74,93,671,269,572,284,597,209,479,210,50
91,74,89,67,63,282,292,244,401,191,218,155,334,50
98,87,77,59,78,316,626,567,339,218,539,490,280,50
87,95,106,102,77,403,301,306,342,316,206,200,240,50
88,78,80,102,79,311,332,751,374,223,254,671,272,50
112,75,90,77,64,353,359,559,402,241,284,469,325,50
92,83,86,68,74,377,376,510,408,285,293,424,340,50
92,60,77,88,84,368,313,328,324,276,253,251,236,50
70,72,75,113,59,469,325,511,313,399,253,436,200,50
114,78,81,78,67,330,321,576,324,216,243,495,246,50
83,89,80,83,57,370,480,268,466,287,391,188,383,50
80,70,82,91,66,382,316,1028,616,302,246,946,525,50
96,112,79,100,81,165,350,431,517,69,238,352,417,51
65,81,65,97,49,450,334,333,315,385,253,268,218,51
65,65,45,80,65,385,502,399,298,320,437,354,218,51
46,99,79,81,65,347,270,331,300,301,171,252,219,51
63,81,98,114,82,498,316,317,298,435,235,219,184,51
65,81,65,80,63,300,301,518,283,235,220,453,203,51
62,96,65,80,63,700,332,434,367,638,236,369,287,51
64,79,81,65,78,501,1016,548,321,437,937,467,256,51
50,65,30,78,64,417,669,450,265,367,604,420,187,51
79,63,63,46,62,381,351,767,400,302,288,704,354,51
63,80,80,63,65,383,316,400,349,320,236,320,286,51
80,81,81,63,64,1198,334,435,315,1118,253,354,252,51
47,82,81,80,80,415,351,334,234,368,269,253,154,51
46,65,81,66,81,348,267,315,201,302,202,234,135,51
64,81,47,47,33,766,683,400,249,702,602,353,202,51
47,79,80,99,48,499,466,349,250,452,387,269,151,51
80,64,81,48,64,316,249,350,234,236,185,269,186,51
61,46,65,97,49,348,264,336,248,287,218,271,151,51
78,81,63,78,63,230,268,318,248,152,187,255,170,51
78,96,80,65,47,366,265,282,218,288,169,202,153,51
12,34,71,71,85,531,247,1574,148,519,213,1503,77,52
97,70,61,78,83,565,247,249,177,468,177,188,99,52
93,75,53,73,50,265,205,243,366,172,130,190,293,52
71,71,69,60,76,672,545,296,195,601,474,227,135,52
72,20,82,50,83,290,147,596,392,218,127,514,342,52
71,72,83,69,81,329,212,430,167,258,140,347,98,52
90,94,57,46,83,797,1003,223,175,707,909,166,129,52
56,48,50,48,83,325,266,1764,146,269,218,1714,98,52
72,71,73,74,79,256,200,186,315,184,129,113,241,52
49,73,61,92,67,275,213,277,728,226,140,216,636,52
69,64,81,95,82,260,229,271,367,191,165,190,272,52
82,72,83,72,83,277,266,291,276,195,194,208,204,52
92,78,92,46,88,279,253,567,217,187,175,475,171,52
67,75,62,83,68,250,257,255,250,183,182,193,167,52
69,72,70,67,86,263,257,259,215,194,185,189,148,52
59,80,68,61,61,235,253,223,224,176,173,155,163,52
78,59,75,72,70,275,250,237,258,197,191,162,186,52
49,64,63,60,71,310,331,373,223,261,267,310,163,52
71,69,59,51,61,291,628,462,224,220,559,403,173,52
84,72,65,44,45,298,286,476,267,214,214,411,223,52
69,48,51,72,174,1072,213,184740,82,1003,165,184689,10,53
82,66,51,109,70,133,178,817,269,51,112,766,160,53
131,106,40,90,112,281,217,226,146,150,111,186,56,53
113,71,54,76,84,176,182,220,102,63,111,166,26,53
99,91,67,55,91,428,225,277,285,329,134,210,230,53
88,89,63,95,79,223,193,249,126,135,104,186,31,53
91,83,76,75,65,173,175,219,100,82,92,143,25,53
90,90,82,69,106,140,201,380,131,50,111,298,62,53
106,83,81,80,90,173,168,1045,147,67,85,964,67,53
97,95,58,43,100,135,228,347,79,38,133,289,36,53
151,108,55,33,74,251,595,390,216,100,487,335,183,53
98,89,64,97,82,252,199,301,165,154,110,237,68,53
73,106,28,84,89,326,268,248,175,253,162,220,91,53
54,76,76,83,82,289,330,377,209,235,254,301,126,53
96,98,28,56,68,250,366,368,179,154,268,340,123,53
67,98,73,107,73,285,209,319,183,218,111,246,76,53
80,91,66,74,74,173,198,410,116,93,107,344,42,53
86,93,67,73,65,278,178,542,282,192,85,475,209,53
66,81,66,97,80,261,148,628,118,195,67,562,21,53
97,67,66,66,42,232,141,284,107,135,74,218,41,53
73,91,101,87,71,271,1754,369,752,198,1663,268,665,54
87,97,98,79,66,217,262,356,278,130,165,258,199,54
70,81,87,62,71,747,409,254,199,677,328,167,137,54
88,91,97,119,90,169,448,279,218,81,357,182,99,54
99,118,80,72,63,136,237,264,254,37,119,184,182,54
81,90,89,88,100,163,201,220,105,82,111,131,17,54
97,89,90,107,82,145,163,182,126,48,74,92,19,54
79,99,61,72,81,254,209,218,99,175,110,157,27,54
78,101,75,63,90,150,180,200,83,72,79,125,20,54
88,81,73,72,99,116,256,180,99,28,175,107,27,54
89,99,72,79,91,135,172,174,99,46,73,102,20,54
70,78,72,72,99,820,216,199,100,750,138,127,28,54
71,100,62,69,91,108,174,183,98,37,74,121,29,54
81,99,79,82,99,164,164,254,163,83,65,175,81,54
79,92,65,72,101,113,146,166,106,34,54,101,34,54
72,99,57,62,101,146,153,194,107,74,54,137,45,54
87,91,90,88,92,114,165,191,107,27,74,101,19,54
79,88,70,53,90,792,217,190,81,713,129,120,28,54
70,90,64,80,82,162,153,184,98,92,63,120,18,54
73,92,64,88,74,273,164,193,134,200,72,129,46,54
59,55,51,83,64,454,1020,1485,267,395,965,1434,184,55
69,67,39,64,69,269,161,862,244,200,94,823,180,55
96,77,35,82,67,439,308,620,316,343,231,585,234,55
61,93,62,92,77,168,198,569,216,107,105,507,124,55
77,65,77,65,67,114,152,415,197,37,87,338,132,55
94,78,67,82,79,134,543,454,201,40,465,387,119,55
87,96,63,62,67,158,267,803,195,71,171,740,133,55
55,34,72,68,55,139,146,370,262,84,112,298,194,55
55,75,40,66,50,112,202,391,148,57,127,351,82,55
52,46,53,77,76,155,144,358,167,103,98,305,90,55
79,80,63,63,81,150,333,534,133,71,253,471,70,55
65,51,35,63,61,149,284,419,153,84,233,384,90,55
63,71,33,61,55,140,691,536,122,77,620,503,61,55
51,63,70,52,55,153,194,471,178,102,131,401,126,55
47,66,51,66,49,114,182,470,149,67,116,419,83,55
80,74,56,64,58,157,185,442,139,77,111,386,75,55
67,59,49,79,63,108,193,369,136,41,134,320,57,55
56,72,49,82,36,186,205,435,161,130,133,386,79,55
79,77,54,52,64,171,188,490,106,92,111,436,54,55
51,46,55,49,55,137,193,388,229,86,147,333,180,55
50,71,30,45,39,169,824,353,1049,119,753,323,1004,56
79,73,32,81,46,174,1809,147,1119,95,1736,115,1038,56
95,58,53,70,54,207,854,198,676,112,796,145,606,56
80,73,27,96,62,158,811,114,469,78,738,87,373,56
81,66,47,79,59,143,307,209,375,62,241,162,296,56
79,58,48,88,58,172,788,165,599,93,730,117,511,56
105,58,50,90,49,156,659,152,414,51,601,102,324,56
72,57,14,61,23,147,1648,183,886,75,1591,169,825,56
79,56,48,90,65,150,2333,157,1369,71,2277,109,1279,56
88,65,40,82,46,175,959,157,486,87,894,117,404,56
65,64,49,87,55,193,598,160,467,128,534,111,380,56
63,46,46,105,50,176,502,146,451,113,456,100,346,56
76,75,13,80,62,831,716,184,282,755,641,171,202,56
162,81,46,89,47,257,535,390,359,95,454,344,270,56
80,55,50,99,48,274,284,232,336,194,229,182,237,56
96,71,41,114,56,307,324,226,316,211,253,185,202,56
96,68,56,106,55,585,433,325,443,489,365,269,337,56
75,64,48,89,60,503,1013,254,411,428,949,206,322,56
85,38,60,93,65,297,771,314,306,212,733,254,213,56
70,47,56,93,56,265,1044,208,365,195,997,152,272,56
93,123,109,109,99,287,1664,548,379,194,1541,439,270,57
124,120,121,89,100,356,389,445,421,232,269,324,332,57
130,125,111,111,99,327,581,537,279,197,456,426,168,57
109,104,109,111,110,310,473,374,295,201,369,265,184,57
122,122,130,113,80,310,517,390,310,188,395,260,197,57
108,106,151,101,71,349,546,855,321,241,440,704,220,57
111,111,99,99,122,309,529,412,256,198,418,313,157,57
91,102,141,105,125,289,402,360,250,198,300,219,145,57
104,111,123,123,89,343,492,373,330,239,381,250,207,57
111,105,120,121,118,300,393,362,269,189,288,242,148,57
82,121,111,111,102,291,402,333,276,209,281,222,165,57
108,114,99,111,105,338,629,330,283,230,515,231,172,57
107,80,109,88,105,306,465,815,289,199,385,706,201,57
111,92,142,121,108,330,558,661,269,219,466,519,148,57
122,95,98,106,108,295,532,412,281,173,437,314,175,57
89,105,120,105,121,339,290,370,250,250,185,250,145,57
108,110,112,80,90,277,266,360,240,169,156,248,160,57
110,120,109,103,92,290,391,316,260,180,271,207,157,57
106,112,111,99,78,278,269,352,258,172,157,241,159,57
102,89,111,91,91,291,288,330,257,189,199,219,166,57
86,89,75,69,80,268,789,5711,804,182,700,5636,735,58
68,71,52,72,82,486,518,1015,301,418,447,963,229,58
88,68,61,76,78,451,542,686,328,363,474,625,252,58
88,75,72,87,88,327,228,536,334,239,153,464,247,58
68,64,57,94,73,315,192,577,329,247,128,520,235,58
77,69,57,79,73,433,176,464,241,356,107,407,162,58
95,77,68,77,83,464,218,484,274,369,141,416,197,58
84,59,75,93,86,311,245,477,270,227,186,402,177,58
81,72,60,96,82,288,264,470,266,207,192,410,170,58
86,55,67,75,85,571,203,453,277,485,148,386,202,58
89,67,64,89,74,326,237,497,283,237,170,433,194,58
69,83,65,77,70,273,219,542,259,204,136,477,182,58
71,83,64,66,81,250,241,441,228,179,158,377,162,58
57,61,51,83,84,317,304,395,236,260,243,344,153,58
79,69,69,84,69,288,210,440,250,209,141,371,166,58
70,93,59,73,67,264,205,463,224,194,112,404,151,58
71,57,67,79,84,266,185,473,222,195,128,406,143,58
68,66,67,83,71,246,204,360,255,178,138,293,172,58
71,65,66,74,84,300,201,353,218,229,136,287,144,58
65,65,67,68,67,239,161,202,186,174,96,135,118,58
8,98,98,110,81,329,403,425,375,321,305,327,265,59
89,62,137,127,59,1150,330,1095,383,1061,268,958,256,59
76,78,98,88,97,461,399,418,337,385,321,320,249,59
100,50,962,3,70,966,383,967,1019,866,333,5,1016,59
166,84,106,130,73,303,445,513,692,137,361,407,562,59
99,69,79,61,59,243,323,437,285,144,254,358,224,59
107,107,110,122,99,206,289,300,307,99,182,190,185,59
109,112,90,96,77,189,284,239,288,80,172,149,192,59
79,62,79,75,46,216,375,295,263,137,313,216,188,59
101,84,68,80,58,229,290,233,290,128,206,165,210,59
109,53,97,81,62,636,294,297,261,527,241,200,180,59
130,44,115,111,43,249,279,357,294,119,235,242,183,59
98,109,87,104,60,612,304,225,287,514,195,138,183,59
141,101,92,130,123,215,1857,298,291,74,1756,206,161,59
91,118,88,118,130,225,411,313,287,134,293,225,169,59
80,86,111,105,85,183,264,297,287,103,178,186,182,59
91,102,112,98,86,189,277,254,281,98,175,142,183,59
132,93,78,95,44,238,307,261,299,106,214,183,204,59
106,102,99,97,77,206,270,235,291,100,168,136,194,59
94,137,115,105,50,207,315,253,295,113,178,138,190,59
138,120,135,112,133,1944,2106,654,415,1806,1986,519,303,60
89,105,115,89,89,1610,574,717,633,1521,469,602,544,60
81,97,106,88,99,584,1434,1151,474,503,1337,1045,386,60
71,63,116,106,87,674,2419,575,576,603,2356,459,470,60
89,49,84,58,95,575,2276,1525,596,486,2227,1441,538,60
98,108,85,81,115,614,583,387,368,516,475,302,287,60
73,113,96,87,87,359,477,339,309,286,364,243,222,60
73,74,108,82,74,642,383,317,283,569,309,209,201,60
89,81,105,124,89,434,392,307,343,345,311,202,219,60
82,82,102,113,115,724,397,331,306,642,315,229,193,60
63,70,106,98,98,1826,365,300,300,1763,295,194,202,60
58,56,89,115,132,484,342,275,292,426,286,186,177,60
100,73,80,124,130,600,594,240,301,500,521,160,177,60
113,70,79,88,138,476,1108,258,200,363,1038,179,112,60
62,90,97,79,105,365,476,309,266,303,386,212,187,60
63,54,79,72,121,875,367,266,233,812,313,187,161,60
81,63,80,84,82,566,384,272,278,485,321,192,194,60
73,61,81,79,80,425,367,308,292,352,306,227,213,60
82,54,72,88,115,470,482,276,307,388,428,204,219,60
91,97,102,73,85,367,359,333,271,276,262,231,198,60
90,86,88,88,89,2698,1377,831,510,2608,1291,743,422,61
108,96,93,84,79,1024,1498,686,468,916,1402,593,384,61
112,102,117,88,79,1398,728,838,587,1286,626,721,499,61
98,85,104,95,83,1102,599,1140,502,1004,514,1036,407,61
107,115,103,79,76,987,1224,625,382,880,1109,522,303,61
121,103,99,82,93,1107,903,703,481,986,800,604,399,61
90,93,78,73,86,541,406,486,341,451,313,408,268,61
82,69,84,86,87,455,2200,514,328,373,2131,430,242,61
94,93,90,75,86,619,1089,482,640,525,996,392,565,61
82,89,75,68,76,1074,360,454,314,992,271,379,246,61
64,87,82,79,77,521,863,770,370,457,776,688,291,61
70,89,68,82,78,495,851,442,344,425,762,374,262,61
81,74,84,69,81,852,512,516,374,771,438,432,305,61
75,78,83,73,73,717,315,338,348,642,237,255,275,61
78,73,80,74,81,428,824,364,281,350,751,284,207,61
75,87,83,78,79,399,512,349,313,324,425,266,235,61
74,79,79,75,70,624,425,605,292,550,346,526,217,61
78,91,90,65,86,1142,637,469,637,1064,546,379,572,61
79,43,73,81,73,1223,593,464,369,1144,550,391,288,61
82,79,80,73,88,503,402,466,357,421,323,386,284,61
31,96,96,61,59,284,285,251,250,253,189,155,189,62
111,97,78,62,73,249,216,283,255,138,119,205,193,62
76,77,76,100,81,230,619,129,316,154,542,53,216,62
92,96,105,63,95,229,273,308,302,137,177,203,239,62
94,76,91,78,75,233,202,413,553,139,126,322,475,62
92,79,114,63,79,196,149,251,401,104,70,137,338,62
80,95,95,93,76,184,268,850,267,104,173,755,174,62
76,96,79,41,79,198,167,223,944,122,71,144,903,62
77,79,96,63,95,198,234,201,250,121,155,105,187,62
77,96,80,62,78,197,166,268,283,120,70,188,221,62
97,99,96,59,79,198,151,305,263,101,52,209,204,62
93,97,99,73,96,229,166,275,310,136,69,176,237,62
94,78,99,78,80,217,113,270,248,123,35,171,170,62
95,79,78,76,93,217,150,1369,600,122,71,1291,524,62
78,62,96,80,96,217,150,200,282,139,88,104,202,62
94,78,113,61,97,249,98,502,632,155,20,389,571,62
95,111,97,77,95,199,130,221,249,104,19,124,172,62
96,111,109,96,96,201,118,297,300,105,7,188,204,62
95,80,95,95,94,217,100,366,252,122,20,271,157,62
77,88,115,79,80,204,123,236,300,127,35,121,221,62
66,54,68,69,44,381,1510,232,2109,315,1456,164,2040,63
61,62,52,60,53,358,816,359,1650,297,754,307,1590,63
78,52,52,53,44,409,341,408,309,331,289,356,256,63
80,44,51,53,53,344,242,308,258,264,198,257,205,63
52,52,44,45,53,307,184,207,226,255,132,163,181,63
78,43,60,60,44,285,290,508,284,207,247,448,224,63
37,37,52,64,46,333,234,450,366,296,197,398,302,63
44,77,61,63,61,466,208,208,234,422,131,147,171,63
69,45,63,53,53,358,208,200,184,289,163,137,131,63
69,53,61,52,52,275,209,216,200,206,156,155,148,63
53,60,63,44,52,208,324,275,209,155,264,212,165,63
85,45,54,74,52,624,183,176,192,539,138,122,118,63
79,36,61,53,53,309,200,191,209,230,164,130,156,63
77,51,52,45,45,325,166,174,201,248,115,122,156,63
69,45,53,78,63,291,166,167,217,222,121,114,139,63
86,35,52,54,51,284,149,174,193,198,114,122,139,63
70,37,44,61,51,233,167,175,201,163,130,131,140,63
78,36,54,45,44,242,157,184,184,164,121,130,139,63
65,10,52,54,37,266,326,399,267,201,316,347,213,63
70,52,44,63,52,341,183,175,225,271,131,131,162,63
67,73,53,77,81,452,406,1170,121,385,333,1117,44,64
76,72,32,79,64,530,208,519,125,454,136,487,46,64
66,97,30,73,64,161,127,125,110,95,30,95,37,64
53,81,38,65,48,106,109,507,126,53,28,469,61,64
59,79,38,72,56,122,114,193,106,63,35,155,34,64
47,80,55,81,56,641,134,268,91,594,54,213,10,64
39,81,55,73,72,109,127,192,109,70,46,137,36,64
37,82,55,81,56,141,285,159,218,104,203,104,137,64
38,73,65,80,55,92,143,260,126,54,70,195,46,64
47,73,56,90,39,101,107,201,193,54,34,145,103,64
40,90,64,80,64,93,118,160,159,53,28,96,79,64
48,80,64,75,80,93,118,159,168,45,38,95,93,64
52,81,29,81,64,139,110,225,118,87,29,196,37,64
46,73,72,89,65,109,135,184,218,63,62,112,129,64
47,89,46,84,39,101,127,930,246,54,38,884,162,64
13,81,40,89,65,74,1424,494,150,61,1343,454,61,64
56,97,72,106,64,143,575,243,176,87,478,171,70,64
32,72,31,63,54,453,217,352,101,421,145,321,38,64
63,73,56,64,64,117,151,343,90,54,78,287,26,64
32,73,55,76,45,110,100,1871,79,78,27,1816,3,64
8,74,56,88,77,144,263,1951,426,136,189,1895,338,65
69,99,69,79,133,239,700,232,273,170,601,163,194,65
58,74,38,85,62,285,316,329,1597,227,242,291,1512,65
72,78,80,107,106,393,331,223,517,321,253,143,410,65
63,98,70,83,62,233,559,255,670,170,461,185,587,65
55,82,102,84,86,303,280,229,564,248,198,127,480,65
60,87,93,64,89,239,262,294,267,179,175,201,203,65
86,91,84,81,107,207,281,346,465,121,190,262,384,65
55,83,72,82,73,205,247,237,392,150,164,165,310,65
52,77,91,72,78,202,287,293,285,150,210,202,213,65
91,98,81,87,67,219,325,326,290,128,227,245,203,65
79,90,75,94,90,223,268,265,276,144,178,190,182,65
73,69,69,68,63,210,177,230,243,137,108,161,175,65
78,68,78,76,44,177,178,499,292,99,110,421,216,65
61,89,76,93,62,278,655,661,347,217,566,585,254,65
54,85,65,89,81,228,229,225,404,174,144,160,315,65
54,64,77,74,89,375,220,262,292,321,156,185,218,65
64,95,64,81,78,236,212,276,268,172,117,212,187,65
52,69,55,58,53,175,164,270,256,123,95,215,198,65
60,65,72,68,77,187,175,254,257,127,110,182,189,65
32,62,52,69,64,181,1074,319,359,149,1012,267,290,66
34,46,45,78,62,141,843,352,187,107,797,307,109,66
59,42,43,68,35,571,600,354,1047,512,558,311,979,66
44,35,37,63,51,186,821,279,784,142,786,242,721,66
52,44,29,36,53,711,820,919,143,659,776,890,107,66
69,44,52,59,59,304,603,422,253,235,559,370,194,66
53,53,61,54,69,420,621,278,396,367,568,217,342,66
52,61,78,61,69,312,302,522,102,260,241,444,41,66
53,43,52,45,63,246,764,252,153,193,721,200,108,66
51,59,51,53,60,188,537,369,195,137,478,318,142,66
51,53,52,52,60,178,328,379,254,127,275,327,202,66
62,52,50,43,61,472,605,587,109,410,553,537,66,66
26,53,37,60,52,150,244,254,221,124,191,217,161,66
44,54,45,37,69,168,279,670,227,124,225,625,190,66
70,60,34,68,51,412,776,226,729,342,716,192,661,66
72,54,61,76,11,211,355,280,1112,139,301,219,1036,66
59,52,59,45,61,195,587,628,734,136,535,569,689,66
59,72,61,29,61,167,423,261,420,108,351,200,391,66
62,62,53,68,70,186,321,263,486,124,259,210,418,66
62,53,50,44,69,180,248,351,452,118,195,301,408,66
55,95,52,86,82,283,545,2287,274,228,450,2235,188,67
70,99,81,67,92,247,285,801,531,177,186,720,464,67
91,110,101,113,78,318,417,349,255,227,307,248,142,67
69,111,88,114,72,237,289,242,293,168,178,154,179,67
72,112,93,92,81,264,301,235,300,192,189,142,208,67
73,113,76,94,77,276,373,245,291,203,260,169,197,67
57,110,80,99,93,262,301,248,289,205,191,168,190,67
49,123,94,86,91,243,310,228,284,194,187,134,198,67
70,131,111,125,97,308,372,253,289,238,241,142,164,67
83,115,115,111,119,279,258,285,247,196,143,170,136,67
101,117,104,130,99,279,309,226,281,178,192,122,151,67
95,113,95,114,92,300,254,231,252,205,141,136,138,67
41,97,60,94,91,290,316,233,271,249,219,173,177,67
93,113,81,93,97,301,296,254,299,208,183,173,206,67
76,92,105,130,102,307,286,225,281,231,194,120,151,67
82,88,80,106,105,342,312,221,267,260,224,141,161,67
72,87,94,97,91,535,307,266,252,463,220,172,155,67
93,73,74,116,80,335,488,292,270,242,415,218,154,67
92,127,96,88,83,314,367,361,201,222,240,265,113,67
90,98,83,110,81,263,312,339,347,173,214,256,237,67
42,28,45,69,56,2493,1309,1403,194,2451,1281,1358,125,68
41,52,59,73,38,388,2070,1267,225,347,2018,1208,152,68
67,34,82,73,29,391,1455,1203,638,324,1421,1121,565,68
1,40,57,50,51,1874,1402,2822,193,1873,1362,2765,143,68
38,32,25,26,53,249,676,1170,225,211,644,1145,199,68
51,40,57,38,58,243,437,287,235,192,397,230,197,68
47,16,50,63,65,444,1039,465,193,397,1023,415,130,68
63,47,51,54,54,335,373,640,253,272,326,589,199,68
42,40,56,47,51,210,262,235,166,168,222,179,119,68
51,55,65,52,56,176,236,219,166,125,181,154,114,68
46,43,59,58,54,172,228,463,186,126,185,404,128,68
36,55,50,47,75,165,526,283,156,129,471,233,109,68
33,55,65,55,47,169,250,311,177,136,195,246,122,68
72,40,50,50,65,277,216,279,216,205,176,229,166,68
47,48,55,50,65,267,253,224,277,220,205,169,227,68
39,38,50,36,56,236,905,375,162,197,867,325,126,68
46,47,62,48,67,208,281,292,183,162,234,230,135,68
51,31,70,56,46,897,401,223,179,846,370,153,123,68
39,22,58,62,28,175,219,360,206,136,197,302,144,68
42,23,40,23,79,213,548,260,161,171,525,220,138,68
13,70,52,34,36,445,2067,370,1516,432,1997,318,1482,69
79,92,54,46,52,474,488,356,963,395,396,302,917,69
64,82,83,88,34,120,211,198,251,56,129,115,163,69
88,77,65,74,69,143,209,109,188,55,132,44,114,69
51,53,51,51,77,130,187,383,560,79,134,332,509,69
58,62,57,57,49,115,207,131,174,57,145,74,117,69
50,71,85,66,48,162,1356,182,251,112,1285,97,185,69
65,104,62,25,70,162,394,203,171,97,290,141,146,69
82,72,48,65,54,144,223,167,330,62,151,119,265,69
91,94,96,96,64,160,198,150,217,69,104,54,121,69
53,81,63,78,76,153,234,121,543,100,153,58,465,69
67,95,68,15,52,137,212,151,149,70,117,83,134,69
56,56,87,31,50,143,170,156,181,87,114,69,150,69
66,50,52,56,48,131,353,108,209,65,303,56,153,69
50,66,65,57,36,168,200,124,375,118,134,59,318,69
63,62,77,65,53,151,203,118,225,88,141,41,160,69
64,93,69,54,70,107,206,132,200,43,113,63,146,69
65,61,55,40,67,124,288,96,391,59,227,41,351,69
66,64,59,56,52,106,189,134,171,40,125,75,115,69
71,52,50,59,50,149,219,89,193,78,167,39,134,69
51,19,46,47,32,881,255,1375,515,830,236,1329,468,70
39,63,15,32,32,459,258,793,341,420,195,778,309,70
77,58,44,45,21,504,219,730,334,427,161,686,289,70
67,69,29,70,31,391,269,344,279,324,200,315,209,70
36,65,51,49,36,303,238,736,278,267,173,685,229,70
44,61,29,35,39,295,236,644,322,251,175,615,287,70
36,55,45,74,49,306,277,491,299,270,222,446,225,70
44,41,36,57,36,927,288,628,321,883,247,592,264,70
35,74,37,36,30,1044,254,641,284,1009,180,604,248,70
44,76,39,55,48,250,224,526,256,206,148,487,201,70
47,54,54,45,49,260,207,826,589,213,153,772,544,70
54,45,45,38,38,308,226,356,277,254,181,311,239,70
41,45,54,36,47,311,209,670,295,270,164,616,259,70
67,58,46,37,32,360,232,511,254,293,174,465,217,70
54,63,39,46,55,367,273,410,363,313,210,371,317,70
60,22,21,31,57,209,177,432,82,149,155,411,51,70
49,49,32,45,58,132,793,955,120,83,744,923,75,70
52,35,42,56,39,540,235,344,310,488,200,302,254,70
76,49,46,37,50,164,221,233,136,88,172,187,99,70
31,62,37,31,45,137,218,199,218,106,156,162,187,70
101,110,117,99,97,402,524,674,445,301,414,557,346,71
102,103,102,111,82,345,316,263,317,243,213,161,206,71
77,102,95,123,95,232,219,289,352,155,117,194,229,71
104,106,128,105,81,279,202,230,298,175,96,102,193,71
108,100,107,111,86,287,245,258,284,179,145,151,173,71
98,93,119,105,99,285,351,291,259,187,258,172,154,71
99,74,122,81,84,258,572,622,242,159,498,500,161,71
110,90,112,83,109,251,205,218,239,141,115,106,156,71
104,113,117,110,96,256,234,268,279,152,121,151,169,71
99,76,93,103,91,251,270,240,300,152,194,147,197,71
92,56,112,91,92,285,217,218,277,193,161,106,186,71
72,106,109,107,113,217,225,201,252,145,119,92,145,71
102,88,123,88,97,241,179,211,234,139,91,88,146,71
90,85,111,98,100,220,202,226,250,130,117,115,152,71
92,97,111,86,106,236,192,194,222,144,95,83,136,71
98,105,79,76,69,341,349,245,263,243,244,166,187,71
121,72,122,91,82,323,312,299,318,202,240,177,227,71
92,105,73,110,86,253,244,183,296,161,139,110,186,71
93,68,105,104,75,266,229,331,323,173,161,226,219,71
82,95,102,118,107,326,399,197,283,244,304,95,165,71
87,72,78,65,45,122,2646,104,1754,35,2574,26,1689,72
77,80,86,96,78,518,1641,569,841,441,1561,483,745,72
90,114,82,112,62,703,517,317,501,613,403,235,389,72
113,134,77,101,84,307,480,184,261,194,346,107,160,72
93,138,97,98,46,312,451,233,261,219,313,136,163,72
119,116,54,122,46,164,755,572,819,45,639,518,697,72
102,131,88,123,65,178,384,149,217,76,253,61,94,72
120,80,113,100,72,200,509,190,201,80,429,77,101,72
114,121,78,104,58,467,490,175,214,353,369,97,110,72
105,104,45,84,30,323,660,497,244,218,556,452,160,72
115,107,110,104,64,233,246,131,180,118,139,21,76,72
95,72,90,105,48,156,192,127,172,61,120,37,67,72
92,57,45,91,10,127,611,131,181,35,554,86,90,72
109,81,72,99,56,170,207,142,167,61,126,70,68,72
104,58,72,104,58,173,212,125,196,69,154,53,92,72
114,88,81,70,55,184,267,244,292,70,179,163,222,72
86,90,73,97,41,182,611,125,200,96,521,52,103,72
112,71,89,92,48,201,305,142,209,89,234,53,117,72
110,83,89,106,65,197,208,175,182,87,125,86,76,72
108,86,72,106,71,195,225,174,166,87,139,102,60,72
57,76,96,84,104,8074,1073,1129,1333,8017,997,1033,1249,73
81,70,92,76,88,957,778,963,1078,876,708,871,1002,73
68,66,68,62,85,645,2379,691,950,577,2313,623,888,73
74,66,81,83,92,643,783,889,742,569,717,808,659,73
80,76,100,85,73,523,412,314,398,443,336,214,313,73
81,59,70,84,89,673,680,341,423,592,621,271,339,73
84,84,91,83,75,676,620,354,453,592,536,263,370,73
74,66,75,90,80,651,1780,488,471,577,1714,413,381,73
83,79,102,86,94,917,640,328,420,834,561,226,334,73
81,92,98,79,87,508,456,322,365,427,364,224,286,73
61,89,89,91,71,589,593,312,449,528,504,223,358,73
90,90,79,78,86,644,513,298,389,554,423,219,311,73
72,57,81,57,81,682,793,370,570,610,736,289,513,73
81,85,116,83,110,589,497,321,544,508,412,205,461,73
100,66,92,99,89,717,544,347,447,617,478,255,348,73
89,75,83,101,102,1093,569,287,439,1004,494,204,338,73
97,84,93,83,82,748,551,330,390,651,467,237,307,73
101,91,90,93,93,654,626,287,469,553,535,197,376,73
66,82,106,84,101,667,577,304,429,601,495,198,345,73
115,101,113,76,78,576,359,326,360,461,258,213,284,73
115,126,86,93,95,736,825,339,415,621,699,253,322,74
107,89,80,87,92,541,489,294,455,434,400,214,368,74
129,94,89,73,103,520,557,303,530,391,463,214,457,74
114,87,85,90,75,460,504,519,555,346,417,434,465,74
95,74,68,90,89,583,500,264,411,488,426,196,321,74
82,98,70,83,88,423,471,266,446,341,373,196,363,74
98,71,76,88,88,343,395,257,309,245,324,181,221,74
97,97,73,87,87,343,410,253,379,246,313,180,292,74
80,86,75,84,43,385,420,269,636,305,334,194,552,74
78,90,67,68,97,274,390,259,271,196,300,192,203,74
107,80,78,96,115,461,414,273,316,354,334,195,220,74
93,83,89,89,93,456,419,286,383,363,336,197,294,74
123,85,82,94,110,349,465,272,418,226,380,190,324,74
96,98,77,80,94,368,402,309,379,272,304,232,299,74
85,103,79,87,94,327,434,287,334,242,331,208,247,74
93,109,87,90,113,305,403,299,330,212,294,212,240,74
97,106,79,97,106,319,410,286,336,222,304,207,239,74
96,107,86,99,104,316,405,291,399,220,298,205,300,74
84,125,84,93,105,302,460,278,340,218,335,194,247,74
104,94,73,91,107,398,411,270,370,294,317,197,279,74
88,95,70,108,103,451,475,378,573,363,380,308,465,75
76,81,87,46,48,277,269,495,412,201,188,408,366,75
71,75,53,82,61,246,398,271,377,175,323,218,295,75
82,77,33,79,74,296,300,223,305,214,223,190,226,75
73,60,92,55,82,764,285,657,745,691,225,565,690,75
59,82,63,80,85,269,260,299,454,210,178,236,374,75
72,77,83,77,97,478,320,303,322,406,243,220,245,75
96,79,69,64,62,267,235,313,328,171,156,244,264,75
117,72,68,73,68,321,247,318,348,204,175,250,275,75
51,114,81,84,59,245,301,330,641,194,187,249,557,75
82,80,79,45,53,294,284,336,359,212,204,257,314,75
48,66,74,86,50,291,276,307,450,243,210,233,364,75
57,71,87,60,53,277,243,294,809,220,172,207,749,75
60,72,31,64,68,246,409,323,362,186,337,292,298,75
58,78,70,65,53,251,225,289,437,193,147,219,372,75
46,63,78,77,113,249,220,257,331,203,157,179,254,75
54,79,92,71,27,218,219,287,346,164,140,195,275,75
48,62,50,63,69,270,264,267,561,222,202,217,498,75
55,65,77,23,69,266,230,390,2186,211,165,313,2163,75
49,70,70,93,92,229,234,309,2778,180,164,239,2685,75
79,70,69,70,96,216,1435,181,926,137,1365,112,856,76
96,86,88,79,86,191,725,174,1085,95,639,86,1006,76
104,62,85,79,93,283,1294,147,1204,179,1232,62,1125,76
83,65,79,80,95,161,745,615,969,78,680,536,889,76
113,71,71,88,96,307,968,191,1508,194,897,120,1420,76
87,96,86,79,105,583,959,207,1918,496,863,121,1839,76
88,87,69,72,87,175,970,230,392,87,883,161,320,76
71,78,71,89,78,174,1058,424,603,103,980,353,514,76
80,45,71,80,77,234,266,175,193,154,221,104,113,76
148,82,55,71,73,306,225,176,207,158,143,121,136,76
85,74,96,89,88,162,159,309,233,77,85,213,144,76
94,80,87,62,81,414,719,182,357,320,639,95,295,76
81,71,78,64,89,259,527,439,259,178,456,361,195,76
107,89,87,81,87,391,451,307,310,284,362,220,229,76
87,47,88,71,71,350,525,241,401,263,478,153,330,76
81,62,72,87,109,209,466,761,448,128,404,689,361,76
79,71,116,96,96,232,533,251,307,153,462,135,211,76
107,46,106,71,71,326,357,334,399,219,311,228,328,76
95,54,107,80,81,416,291,250,350,321,237,143,270,76
96,72,116,69,79,241,383,235,199,145,311,119,130,76
36,48,99,76,97,1639,508,4676,996,1603,460,4577,920,77
71,73,88,53,76,641,1361,2045,712,570,1288,1957,659,77
80,91,88,79,73,346,5076,1291,1052,266,4985,1203,973,77
90,90,82,98,112,476,984,1101,1078,386,894,1019,980,77
98,64,73,88,88,550,859,1768,1584,452,795,1695,1496,77
96,81,80,64,89,482,851,1444,1066,386,770,1364,1002,77
98,82,72,90,79,316,911,1208,335,218,829,1136,245,77
94,69,78,54,84,241,709,425,736,147,640,347,682,77
89,88,78,68,40,250,984,795,481,161,896,717,413,77
79,78,79,84,80,389,1517,1053,1022,310,1439,974,938,77
78,53,61,69,75,641,1644,824,529,563,1591,763,460,77
108,83,88,87,80,299,671,709,297,191,588,621,210,77
78,87,80,85,65,259,457,1544,305,181,370,1464,220,77
84,97,73,68,42,955,1784,704,389,871,1687,631,321,77
87,81,97,79,49,313,1820,501,429,226,1739,404,350,77
55,90,80,90,73,281,343,225,300,226,253,145,210,77
74,89,98,82,73,318,308,199,259,244,219,101,177,77
79,80,91,72,64,224,273,177,250,145,193,86,178,77
55,86,90,65,47,218,288,184,226,163,202,94,161,77
80,73,97,81,65,248,267,183,266,168,194,86,185,77
46,78,38,64,50,319,859,674,460,273,781,636,396,78
50,52,71,69,54,295,719,281,633,245,667,210,564,78
37,48,71,66,52,307,781,250,433,270,733,179,367,78
46,63,67,50,54,217,965,230,363,171,902,163,313,78
47,52,66,17,50,246,470,313,419,199,418,247,402,78
49,62,67,41,23,234,566,258,376,185,504,191,335,78
49,51,67,50,49,282,972,246,366,233,921,179,316,78
36,21,72,56,33,314,450,237,334,278,429,165,278,78
64,53,70,65,69,314,400,220,349,250,347,150,284,78
48,48,52,53,52,265,431,200,401,217,383,148,348,78
43,39,64,67,34,268,1061,229,519,225,1022,165,452,78
50,38,62,70,49,462,855,231,336,412,817,169,266,78
51,48,68,66,34,305,398,467,500,254,350,399,434,78
48,48,51,44,68,282,1099,239,311,234,1051,188,267,78
79,50,49,51,62,298,568,296,355,219,518,247,304,78
53,49,50,29,60,255,517,451,354,202,468,401,325,78
36,49,52,51,47,284,483,400,338,248,434,348,287,78
47,36,35,69,36,279,533,231,469,232,497,196,400,78
63,47,39,66,49,284,494,204,401,221,447,165,335,78
49,51,69,52,69,248,369,199,313,199,318,130,261,78
87,66,66,45,45,1377,1033,1467,433,1290,967,1401,388,79
80,78,94,112,112,517,717,699,333,437,639,605,221,79
144,79,129,129,112,614,600,1367,466,470,521,1238,337,79
78,45,111,45,78,616,534,833,467,538,489,722,422,79
66,64,26,45,95,400,401,316,350,334,337,290,305,79
95,64,66,45,78,299,333,384,267,204,269,318,222,79
94,79,45,45,65,283,317,334,267,189,238,289,222,79
65,64,95,80,64,271,1685,1646,270,206,1621,1551,190,79
45,77,45,45,45,234,316,333,267,189,239,288,222,79
65,45,45,28,65,266,317,400,249,201,272,355,221,79
79,64,66,64,79,267,283,400,267,188,219,334,203,79
66,45,66,45,66,300,300,383,234,234,255,317,189,79
65,45,65,65,65,250,283,450,300,185,238,385,235,79
27,27,45,46,65,800,350,333,284,773,323,288,238,79
27,45,47,27,63,283,263,304,232,256,218,257,205,79
46,28,78,45,79,283,234,316,283,237,206,238,238,79
78,28,82,78,79,300,281,419,233,222,253,337,155,79
79,45,78,44,45,584,401,316,333,505,356,238,289,79
65,45,43,45,45,250,283,283,283,185,238,240,238,79
96,45,45,66,65,834,266,383,266,738,221,338,200,79
73,85,95,94,58,232,953,425,577,159,868,330,483,80
136,103,100,78,120,953,215,995,417,817,112,895,339,80
80,81,96,105,76,168,231,280,399,88,150,184,294,80
99,99,107,113,116,180,237,240,157,81,138,133,44,80
97,111,86,108,112,211,363,225,141,114,252,139,33,80
93,120,127,114,103,150,233,246,159,57,113,119,45,80
111,84,73,17,98,262,213,299,101,151,129,226,84,80
92,113,100,81,115,172,202,680,135,80,89,580,54,80
110,97,98,81,82,226,211,241,222,116,114,143,141,80
77,82,65,85,88,226,211,215,177,149,129,150,92,80
105,109,113,99,113,184,201,236,323,79,92,123,224,80
88,109,104,117,80,179,468,231,273,91,359,127,156,80
90,121,108,108,111,205,293,233,186,115,172,125,78,80
92,105,100,99,136,245,207,236,155,153,102,136,56,80
82,121,120,98,98,161,214,236,169,79,93,116,71,80
75,95,110,97,120,205,202,236,152,130,107,126,55,80
101,98,98,98,111,204,200,237,134,103,102,139,36,80
82,121,106,94,87,184,199,233,163,102,78,127,69,80
79,102,113,85,97,161,200,239,155,82,98,126,70,80
107,114,99,109,101,162,205,214,131,55,91,115,22,80
68,74,81,56,64,427,437,1254,398,359,363,1173,342,81
89,89,65,82,90,388,745,424,379,299,656,359,297,81
73,74,48,63,66,353,523,1172,272,280,449,1124,209,81
64,82,90,90,74,248,330,387,185,184,248,297,95,81
64,74,72,99,98,342,422,318,287,278,348,246,188,81
90,74,90,57,41,270,370,278,186,180,296,188,129,81
65,82,82,74,66,213,609,415,194,148,527,333,120,81
81,82,81,98,73,263,388,428,245,182,306,347,147,81
79,75,74,66,74,200,262,303,169,121,187,229,103,81
82,74,57,90,73,221,303,336,195,139,229,279,105,81
73,74,56,74,74,203,287,227,160,130,213,171,86,81
65,65,66,88,65,246,253,238,176,181,188,172,88,81
73,74,66,74,84,212,278,220,151,139,204,154,77,81
73,83,57,106,91,170,312,221,193,97,229,164,87,81
90,91,73,81,92,236,455,303,159,146,364,230,78,81
82,83,65,72,91,213,330,263,159,131,247,198,87,81
64,65,66,82,83,239,251,220,168,175,186,154,86,81
82,74,66,73,83,196,294,220,168,114,220,154,95,81
99,65,56,66,73,271,362,235,170,172,297,179,104,81
90,32,48,82,57,262,320,211,186,172,288,163,104,81
113,54,78,63,115,1111,2609,239,142,998,2555,161,79,82
86,65,62,56,91,156,567,223,158,70,502,161,102,82
95,99,71,47,99,123,640,199,81,28,541,128,34,82
102,70,75,65,82,130,249,192,144,28,179,117,79,82
87,81,61,64,67,145,655,214,124,58,574,153,60,82
91,65,79,72,72,704,890,223,169,613,825,144,97,82
71,63,70,80,89,663,1084,332,267,592,1021,262,187,82
87,74,65,55,63,239,218,189,154,152,144,124,99,82
98,88,63,55,74,210,234,209,132,112,146,146,77,82
86,79,82,65,64,149,233,209,176,63,154,127,111,82
91,66,65,65,89,161,219,201,202,70,153,136,137,82
89,86,56,73,86,119,224,184,180,30,138,128,107,82
82,72,51,73,88,110,208,184,219,28,136,133,146,82
109,65,72,73,88,146,201,201,496,37,136,129,423,82
89,74,70,58,60,175,676,216,157,86,602,146,99,82
94,73,56,65,80,163,227,200,186,69,154,144,121,82
109,76,72,64,64,116,220,193,185,7,144,121,121,82
83,90,73,66,81,91,218,193,168,8,128,120,102,82
96,72,48,48,82,157,218,193,142,61,146,145,94,82
97,54,62,63,56,267,1040,240,308,170,986,178,245,82
87,92,99,84,75,233,307,264,254,146,215,165,170,83
92,69,66,66,66,121,424,221,240,29,355,155,174,83
73,67,91,58,57,427,380,413,289,354,313,322,231,83
58,67,92,46,57,215,437,565,269,157,370,473,223,83
69,75,57,69,53,198,678,277,198,129,603,220,129,83
95,77,59,64,53,422,389,249,186,327,312,190,122,83
83,84,56,72,61,354,324,257,176,271,240,201,104,83
75,57,52,58,59,644,376,315,213,569,319,263,155,83
60,63,78,86,55,89,206,207,130,29,143,129,44,83
60,74,62,52,78,83,337,530,278,23,263,468,226,83
90,49,57,66,74,103,215,280,198,13,166,223,132,83
110,78,82,63,69,129,277,242,126,19,199,160,63,83
84,74,43,57,70,184,351,1065,267,100,277,1022,210,83
84,82,66,62,80,215,231,249,168,131,149,183,106,83
75,63,83,57,58,407,185,241,157,332,122,158,100,83
73,75,39,48,68,220,225,238,162,147,150,199,114,83
75,62,78,79,81,164,182,202,130,89,120,124,51,83
77,62,61,83,64,138,192,207,152,61,130,146,69,83
50,71,76,78,55,127,185,219,149,77,114,143,71,83
64,74,75,68,81,106,196,220,120,42,122,145,52,83
157,166,145,126,140,782,2650,845,627,625,2484,700,501,84
131,133,149,127,123,731,626,773,985,600,493,624,858,84
164,175,141,139,161,763,726,743,1429,599,551,602,1290,84
139,157,130,124,98,691,1272,756,596,552,1115,626,472,84
89,118,114,92,117,573,539,698,454,484,421,584,362,84
115,140,124,102,93,692,783,690,454,577,643,566,352,84
93,123,115,114,133,580,723,612,401,487,600,497,287,84
93,115,127,113,93,578,607,706,482,485,492,579,369,84
76,75,117,100,109,577,593,578,393,501,518,461,293,84
74,91,90,116,67,511,520,509,396,437,429,419,280,84
98,102,159,107,107,695,602,578,452,597,500,419,345,84
108,117,112,108,121,574,426,555,368,466,309,443,260,84
121,114,134,108,140,518,393,536,338,397,279,402,230,84
108,116,106,107,101,502,546,477,444,394,430,371,337,84
135,117,102,133,118,529,436,620,401,394,319,518,268,84
139,98,73,106,102,568,955,545,410,429,857,472,304,84
75,99,81,83,99,479,472,541,512,404,373,460,429,84
78,66,133,100,80,482,404,494,324,404,338,361,224,84
82,90,101,116,102,478,485,404,345,396,395,303,229,84
85,91,176,84,119,496,369,520,335,411,278,344,251,84
73,87,66,55,65,655,526,547,982,582,439,481,927,85
79,75,56,58,60,470,515,613,285,391,440,557,227,85
79,69,76,37,53,288,329,311,243,209,260,235,206,85
66,78,60,69,54,182,243,208,176,116,165,148,107,85
65,65,69,77,52,216,198,217,178,151,133,148,101,85
64,67,64,68,70,216,198,205,166,152,131,141,98,85
48,62,79,71,63,293,185,219,159,245,123,140,88,85
32,51,92,58,62,257,150,267,174,225,99,175,116,85
58,59,63,61,82,249,190,227,160,191,131,164,99,85
48,82,69,70,62,216,205,201,161,168,123,132,91,85
56,67,73,63,41,255,204,729,169,199,137,656,106,85
60,64,81,70,62,247,179,477,169,187,115,396,99,85
69,76,71,53,52,267,200,306,195,198,124,235,142,85
65,70,58,55,78,258,194,210,137,193,124,152,82,85
52,70,54,71,54,372,192,184,169,320,122,130,98,85
42,74,71,62,70,249,181,161,137,207,107,90,75,85
57,86,70,62,55,187,187,136,153,130,101,66,91,85
48,61,73,101,48,162,169,136,170,114,108,63,69,85
62,77,71,46,62,185,177,202,130,123,100,131,84,85
65,60,77,65,71,153,145,186,152,88,85,109,87,85
68,94,98,107,81,184,234,265,174,116,140,167,67,86
97,96,114,114,139,527,373,386,1274,430,277,272,1160,86
97,99,132,123,125,324,281,273,216,227,182,141,93,86
81,80,98,98,133,324,202,373,156,243,122,275,58,86
73,90,92,106,117,171,273,259,155,98,183,167,49,86
89,90,115,97,107,248,610,409,146,159,520,294,49,86
96,116,98,83,132,172,207,240,147,76,91,142,64,86
62,71,82,57,100,667,466,937,264,605,395,855,207,86
82,65,91,81,108,172,181,215,181,90,116,124,100,86
73,67,105,107,115,181,208,289,173,108,141,184,66,86
81,90,99,90,117,172,148,232,125,91,58,133,35,86
80,82,109,98,109,171,122,233,138,91,40,124,40,86
81,82,80,92,93,163,190,222,139,82,108,142,47,86
71,81,83,72,110,162,333,243,146,91,252,160,74,86
90,90,99,107,117,172,173,232,146,82,83,133,39,86
73,74,57,58,57,315,277,256,241,242,203,199,183,86
73,65,73,55,65,214,208,626,197,141,143,553,142,86
61,58,72,73,55,169,166,196,216,108,108,124,143,86
71,88,72,90,97,182,180,191,97,111,92,119,7,86
73,82,90,107,106,164,190,186,146,91,108,96,39,86
24,79,87,73,45,238,740,285,236,214,661,198,163,87
67,69,70,52,59,782,356,426,194,715,287,356,142,87
70,52,80,69,54,200,199,549,216,130,147,469,147,87
61,38,71,37,42,133,159,226,194,72,121,155,157,87
77,54,62,61,35,224,253,401,201,147,199,339,140,87
71,61,78,52,53,411,817,313,218,340,756,235,166,87
71,47,69,53,70,155,474,215,219,84,427,146,166,87
70,60,61,62,69,629,241,254,192,559,181,193,130,87
71,82,54,70,71,163,621,251,191,92,539,197,121,87
76,37,43,35,41,553,412,243,202,477,375,200,167,87
66,54,72,65,92,612,435,713,200,546,381,641,135,87
77,46,60,51,63,153,162,398,181,76,116,338,130,87
71,64,54,69,81,162,158,255,189,91,94,201,120,87
61,37,51,70,69,155,525,260,192,94,488,209,122,87
54,36,51,73,62,129,186,143,211,75,150,92,138,87
52,56,54,62,54,565,164,193,199,513,108,139,137,87
53,54,55,62,52,131,191,228,208,78,137,173,146,87
69,55,63,44,73,162,184,323,172,93,129,260,128,87
52,31,71,53,54,164,236,313,200,112,205,242,147,87
58,51,82,71,70,600,226,190,200,542,175,108,129,87
108,67,73,48,89,372,1798,481,512,264,1731,408,464,88
90,75,112,84,85,836,267,303,340,746,192,191,256,88
90,63,78,53,72,995,687,353,310,905,624,275,257,88
73,42,77,62,68,403,589,314,309,330,547,237,247,88
75,68,78,72,94,314,2679,420,309,239,2611,342,237,88
69,72,74,70,70,327,513,297,354,258,441,223,284,88
51,54,76,57,102,559,723,428,286,508,669,352,229,88
71,63,92,71,81,523,968,287,303,452,905,195,232,88
84,70,64,67,95,505,552,412,463,421,482,348,396,88
67,79,81,71,83,628,626,337,292,561,547,256,221,88
63,58,68,61,89,417,879,308,294,354,821,240,233,88
80,63,75,57,95,402,755,341,288,322,692,266,231,88
74,52,57,68,95,442,629,299,256,368,577,242,188,88
83,45,46,61,69,563,451,355,273,480,406,309,212,88
35,43,64,67,66,528,1104,480,355,493,1061,416,288,88
68,58,72,65,90,639,397,339,303,571,339,267,238,88
72,62,69,75,76,494,329,299,278,422,267,230,203,88
49,54,82,72,97,517,373,328,298,468,319,246,226,88
61,51,67,69,84,513,279,301,286,452,228,234,217,88
87,65,87,66,75,478,522,365,292,391,457,278,226,88
49,84,69,70,70,521,707,508,1427,472,623,439,1357,89
77,86,70,63,69,639,1485,549,2237,562,1399,479,2174,89
81,83,87,68,63,664,1339,577,821,583,1256,490,753,89
67,65,78,65,62,583,714,520,537,516,649,442,472,89
46,77,75,70,59,524,572,496,517,478,495,421,447,89
94,72,76,89,80,555,757,460,502,461,685,384,413,89
77,95,92,64,52,700,679,535,547,623,584,443,483,89
77,103,77,70,76,717,866,449,445,640,763,372,375,89
60,74,87,66,60,1797,1754,545,616,1737,1680,458,550,89
83,67,105,95,79,640,648,509,599,557,581,404,504,89
73,81,73,69,64,444,500,378,371,371,419,305,302,89
68,84,82,62,70,813,569,470,442,745,485,388,380,89
77,77,77,130,60,509,551,413,453,432,474,336,323,89
70,78,87,92,46,499,490,429,421,429,412,342,329,89
66,67,91,73,74,498,521,439,426,432,454,348,353,89
82,53,75,52,60,471,529,431,450,389,476,356,398,89
74,92,82,102,77,433,486,412,384,359,394,330,282,89
72,72,81,77,89,451,595,625,380,379,523,544,303,89
84,70,86,86,65,438,484,409,389,354,414,323,303,89
66,68,80,93,59,413,467,371,385,347,399,291,292,89
58,45,60,124,71,249,530,315,753,191,485,255,629,90
74,54,70,46,47,340,514,214,236,266,460,144,190,90
48,82,73,59,36,176,266,173,272,128,184,100,213,90
63,60,72,55,47,160,164,185,274,97,104,113,219,90
31,48,62,64,63,186,160,147,232,155,112,85,168,90
59,78,54,47,31,153,202,130,258,94,124,76,211,90
50,43,78,49,29,159,145,132,252,109,102,54,203,90
62,71,70,72,51,192,222,133,255,130,151,63,183,90
45,45,96,47,67,139,153,144,219,94,108,48,172,90
81,47,33,54,67,167,327,102,289,86,280,69,235,90
78,44,64,41,56,189,201,136,244,111,157,72,203,90
70,70,67,68,49,133,174,120,301,63,104,53,233,90
69,41,51,61,61,137,197,108,232,68,156,57,171,90
63,44,86,54,61,163,142,151,248,100,98,65,194,90
85,56,69,74,77,155,170,181,244,70,114,112,170,90
48,60,63,29,75,171,220,197,242,123,160,134,213,90
58,55,75,64,55,156,280,241,287,98,225,166,223,90
69,61,95,87,67,135,155,116,257,66,94,21,170,90
62,46,74,57,34,143,131,158,247,81,85,84,190,90
37,44,46,51,71,164,174,147,305,127,130,101,254,90
44,61,70,46,24,817,1734,441,1146,773,1673,371,1100,91
45,68,64,36,53,560,1223,401,2350,515,1155,337,2314,91
46,52,65,38,71,450,716,283,1159,404,664,218,1121,91
54,54,78,44,45,367,1233,792,1408,313,1179,714,1364,91
54,46,64,46,71,517,1209,274,550,463,1163,210,504,91
53,46,45,46,45,382,268,199,259,329,222,154,213,91
45,45,46,71,36,266,274,150,259,221,229,104,188,91
64,62,51,46,46,259,218,164,225,195,156,113,179,91
53,64,46,55,45,232,200,150,234,179,136,104,179,91
45,53,53,55,53,217,183,149,476,172,130,96,421,91
54,47,64,58,54,249,184,159,225,195,137,95,167,91
59,70,43,68,65,225,201,149,207,166,131,106,139,91
54,45,46,38,45,241,192,158,209,187,147,112,171,91
65,55,53,54,64,249,276,150,208,184,221,97,154,91
44,54,53,64,63,232,183,150,268,188,129,97,204,91
64,63,52,55,64,249,318,173,251,185,255,121,196,91
44,45,69,63,54,282,200,174,750,238,155,105,687,91
46,56,54,53,65,258,208,168,366,212,152,114,313,91
54,64,54,55,65,283,225,175,225,229,161,121,170,91
54,54,45,61,54,249,209,166,217,195,155,121,156,91
79,130,125,109,91,121,361,1113,225,42,231,988,116,92
67,101,105,128,88,122,286,283,131,55,185,178,3,92
78,105,107,111,129,346,277,661,385,268,172,554,274,92
91,103,109,125,114,134,298,255,134,43,195,146,9,92
79,118,105,111,95,139,279,232,117,60,161,127,6,92
73,93,111,114,79,139,255,263,126,66,162,152,12,92
81,91,98,112,66,105,240,211,120,24,149,113,8,92
88,80,97,113,93,106,241,223,121,18,161,126,8,92
77,98,112,89,81,121,302,1070,109,44,204,958,20,92
82,95,87,123,90,95,247,180,132,13,152,93,9,92
80,100,98,104,73,98,265,255,112,18,165,157,8,92
60,94,104,113,65,119,446,295,769,59,352,191,656,92
71,93,91,110,109,153,536,318,167,82,443,227,57,92
91,121,104,117,98,146,381,410,256,55,260,306,139,92
98,119,94,105,94,197,433,388,146,99,314,294,41,92
98,103,105,104,110,133,290,335,152,35,187,230,48,92
108,110,102,125,78,142,307,599,176,34,197,497,51,92
89,111,118,114,84,115,264,255,122,26,153,137,8,92
122,116,86,103,127,145,300,693,145,23,184,607,42,92
121,116,96,117,93,125,466,208,195,4,350,112,78,92
81,86,78,74,68,1081,1993,1284,1771,1000,1907,1206,1697,93
91,94,82,58,44,7479,1092,1982,2348,7388,998,1900,2290,93
50,47,48,74,49,2647,1956,2082,2153,2597,1909,2034,2079,93
68,73,56,63,53,3317,726,2522,1258,3249,653,2466,1195,93
91,102,111,80,50,757,804,1662,1453,666,702,1551,1373,93
67,50,48,58,74,560,562,1824,680,493,512,1776,622,93
85,82,63,65,58,697,1515,810,970,612,1433,747,905,93
65,75,77,76,56,686,1670,989,480,621,1595,912,404,93
93,72,60,93,59,799,667,1088,577,706,595,1028,484,93
75,69,62,77,53,687,632,990,492,612,563,928,415,93
58,75,74,80,57,628,1381,1092,464,570,1306,1018,384,93
85,71,73,71,64,667,1731,1464,537,582,1660,1391,466,93
69,75,47,78,81,1234,538,638,484,1165,463,591,406,93
101,78,80,93,125,515,592,532,378,414,514,452,285,93
85,83,72,72,55,578,522,527,411,493,439,455,339,93
74,114,68,94,101,562,1384,1062,463,488,1270,994,369,93
87,69,75,70,49,2730,562,716,456,2643,493,641,386,93
53,78,85,82,89,1011,536,515,403,958,458,430,321,93
73,85,94,99,80,455,478,905,388,382,393,811,289,93
75,66,1,40,34,560,1168,2951,501,485,1102,2950,461,93
59,63,96,58,62,541,801,275,1567,482,738,179,1509,94
53,64,104,63,78,180,197,180,223,127,133,76,160,94
55,55,94,64,54,180,198,187,364,125,143,93,300,94
54,88,96,42,78,180,213,208,186,126,125,112,144,94
78,62,97,64,62,179,204,198,198,101,142,101,134,94
79,71,80,63,52,221,720,181,207,142,649,101,144,94
62,75,95,71,54,226,849,197,222,164,774,102,151,94
72,78,46,70,56,235,417,248,213,163,339,202,143,94
63,72,87,54,53,198,222,279,305,135,150,192,251,94
68,95,104,69,54,220,238,283,271,152,143,179,202,94
38,63,106,71,63,228,272,256,321,190,209,150,250,94
62,60,95,70,72,240,236,247,329,178,176,152,259,94
79,123,106,86,46,230,205,274,344,151,82,168,258,94
78,103,105,59,54,239,229,274,252,161,126,169,193,94
96,95,89,68,71,248,228,267,318,152,133,178,250,94
87,97,88,86,70,205,297,265,255,118,200,177,169,94
95,63,88,63,72,221,163,189,197,126,100,101,134,94
81,80,96,88,70,179,189,388,240,98,109,292,152,94
89,81,116,55,70,181,163,181,182,92,82,65,127,94
70,72,88,53,46,155,146,148,163,85,74,60,110,94
80,72,77,107,65,179,211,207,321,99,139,130,214,95
123,75,69,69,31,142,747,250,258,19,672,181,189,95
88,99,92,94,70,139,409,325,234,51,310,233,140,95
89,91,71,68,51,170,239,221,243,81,148,150,175,95
90,114,87,77,70,134,163,161,194,44,49,74,117,95
86,63,78,90,59,134,118,155,1255,48,55,77,1165,95
87,77,58,73,86,116,135,94,187,29,58,36,114,95
114,60,79,98,69,122,92,131,198,8,32,52,100,95
83,69,63,74,90,113,126,132,181,30,57,69,107,95
94,91,66,108,94,129,138,168,184,35,47,102,76,95
115,56,63,87,66,148,103,122,199,33,47,59,112,95
104,62,58,89,83,127,129,111,205,23,67,53,116,95
83,95,60,84,80,150,121,178,242,67,26,118,158,95
94,78,72,72,60,123,122,136,192,29,44,64,120,95
74,93,78,87,65,101,157,138,203,27,64,60,116,95
97,65,94,78,61,129,128,125,227,32,63,31,149,95
107,98,74,76,63,148,151,112,228,41,53,38,152,95
68,99,64,67,72,123,135,93,197,55,36,29,130,95
99,86,79,89,93,114,127,120,195,15,41,41,106,95
85,98,71,71,97,133,131,108,198,48,33,37,127,95
1,24,17,8,8,763,885,563,613,762,861,546,605,96
6,3,8,2,13,605,571,492,551,599,568,484,549,96
4,5,4,10,4,489,577,313,697,485,572,309,687,96
8,12,5,13,12,835,569,431,968,827,557,426,955,96
8,9,7,4,5,501,576,435,502,493,567,428,498,96
17,13,10,7,2,393,476,407,431,376,463,397,424,96
11,1,12,6,13,369,426,268,516,358,425,256,510,96
10,4,1,6,17,455,409,250,433,445,405,249,427,96
9,8,12,7,7,360,348,283,263,351,340,271,256,96
6,7,12,1,6,335,558,19,487,329,551,7,486,96
10,15,12,0,6,375,591,26,280,365,576,14,280,96
6,10,10,2,8,591,711,16,283,585,701,6,281,96
7,6,3,1,1,320,654,10,269,313,648,7,268,96
8,2,2,1,7,359,580,8,350,351,578,6,349,96
4,7,5,7,6,367,552,24,324,363,545,19,317,96
7,7,16,1,5,346,584,24,307,339,577,8,306,96
5,13,12,12,8,363,443,285,316,358,430,273,304,96
3,19,1,0,8,386,402,6,508,383,383,5,508,96
7,5,3,4,7,523,557,258,257,516,552,255,253,96
7,8,13,14,10,454,350,292,334,447,342,279,320,96
41,60,69,61,68,271,415,383,550,230,355,314,489,97
57,51,59,52,53,231,441,241,308,174,390,182,256,97
50,58,50,53,59,233,401,238,293,183,343,188,240,97
59,60,59,60,51,216,367,240,276,157,307,181,216,97
52,69,68,77,70,234,292,249,341,182,223,181,264,97
76,62,77,70,70,263,359,232,334,187,297,155,264,97
42,58,68,52,60,391,323,292,316,349,265,224,264,97
50,60,67,53,53,248,367,333,398,198,307,266,345,97
66,68,57,68,79,274,311,280,299,208,243,223,231,97
66,61,50,52,61,240,269,256,284,174,208,206,232,97
51,66,77,59,62,234,289,234,324,183,223,157,265,97
42,58,59,60,53,218,241,223,266,176,183,164,206,97
62,69,69,70,60,224,258,207,269,162,189,138,199,97
49,59,68,77,59,208,224,208,275,159,165,140,198,97
51,77,77,78,51,183,206,209,267,132,129,132,189,97
50,77,85,78,70,181,217,207,249,131,140,122,171,97
51,51,68,68,61,209,199,191,240,158,148,123,172,97
33,68,50,51,51,265,251,224,275,232,183,174,224,97
75,59,53,51,50,250,272,234,252,175,213,181,201,97
60,59,60,69,60,258,341,191,367,198,282,131,298,97
56,70,81,86,99,435,444,1440,482,379,374,1359,396,98
85,79,83,89,71,400,347,354,688,315,268,271,599,98
58,80,90,79,78,263,167,253,327,205,87,163,248,98
71,80,103,79,89,282,178,243,283,211,98,140,204,98
69,79,81,71,79,1691,129,589,410,1622,50,508,339,98
70,77,79,86,87,1089,198,326,528,1019,121,247,442,98
73,69,90,90,89,388,257,292,362,315,188,202,272,98
72,87,96,69,68,848,171,740,393,776,84,644,324,98
62,69,80,81,89,1434,206,259,351,1372,137,179,270,98
60,58,86,87,80,788,173,316,378,728,115,230,291,98
55,56,78,78,79,1008,187,275,329,953,131,197,251,98
74,79,89,88,95,322,183,176,243,248,104,87,155,98
81,97,71,71,87,313,402,611,326,232,305,540,255,98
61,70,69,73,87,400,185,164,412,339,115,95,339,98
52,80,82,73,79,246,134,176,261,194,54,94,188,98
74,89,73,70,78,286,192,220,244,212,103,147,174,98
57,76,77,89,88,280,227,272,294,223,151,195,205,98
67,103,77,49,63,249,503,1961,447,182,400,1884,398,98
69,64,72,88,78,301,158,200,286,232,94,128,198,98
52,69,52,88,70,274,167,225,328,222,98,173,240,98
60,60,43,50,42,244,232,178,259,184,172,135,209,99
70,78,73,40,53,291,428,817,73,221,350,744,33,99
81,40,41,36,77,285,267,182,510,204,227,141,474,99
71,67,58,41,59,214,218,159,115,143,151,101,74,99
81,67,65,32,56,247,228,194,104,166,161,129,72,99
74,61,56,60,59,240,456,364,160,166,395,308,100,99
82,52,57,43,73,248,246,217,119,166,194,160,76,99
91,37,63,56,65,280,216,225,217,189,179,162,161,99
65,58,47,39,68,243,264,323,158,178,206,276,119,99
71,52,69,55,42,423,301,314,348,352,249,245,293,99
93,58,57,51,54,228,216,158,150,135,158,101,99,99
74,50,67,42,68,241,227,182,75,167,177,115,33,99
60,58,47,30,87,227,254,194,153,167,196,147,123,99
64,56,55,40,77,251,244,180,93,187,188,125,53,99
92,45,29,36,76,275,242,158,178,183,197,129,142,99
77,18,47,44,68,258,249,161,104,181,231,114,60,99
77,41,68,52,64,267,249,179,103,190,208,111,51,99
80,48,59,70,58,310,295,539,294,230,247,480,224,99
81,43,67,55,40,240,202,189,139,159,159,122,84,99
65,51,36,50,59,230,396,409,480,165,345,373,430,99
36,30,45,42,46,608,544,689,504,572,514,644,462,100
34,57,46,53,45,413,424,854,416,379,367,808,363,100
51,50,65,28,46,320,317,659,350,269,267,594,322,100
44,32,60,59,46,365,346,523,345,321,314,463,286,100
54,53,61,15,45,343,299,535,335,289,246,474,320,100
36,54,80,47,36,333,325,437,337,297,271,357,290,100
29,56,70,36,43,298,313,459,361,269,257,389,325,100
55,36,71,52,45,346,307,488,324,291,271,417,272,100
29,51,53,37,60,352,351,385,293,323,300,332,256,100
57,89,46,45,55,269,286,303,240,212,197,257,195,100
54,54,70,16,48,262,226,322,229,208,172,252,213,100
37,75,70,55,52,231,246,293,235,194,171,223,180,100
36,45,72,45,55,325,232,345,276,289,187,273,231,100
35,47,70,56,62,342,259,576,294,307,212,506,238,100
40,60,85,43,12,373,317,460,342,333,257,375,299,100
20,39,89,44,40,343,276,454,314,323,237,365,270,100
27,63,90,38,61,359,257,428,294,332,194,338,256,100
30,37,80,30,21,321,232,412,284,291,195,332,254,100
31,54,88,21,54,328,259,436,269,297,205,348,248,100
37,39,87,37,62,342,268,444,284,305,229,357,247,100
88,94,102,116,116,792,1620,981,542,704,1526,879,426,101
74,99,120,86,123,945,941,349,331,871,842,229,245,101
102,109,135,90,86,1816,761,364,786,1714,652,229,696,101
71,83,139,107,117,581,550,362,359,510,467,223,252,101
84,96,133,117,111,383,619,233,304,299,523,100,187,101
108,91,153,106,74,726,629,200,399,618,538,47,293,101
94,112,107,115,117,600,634,148,240,506,522,41,125,101
83,95,124,113,122,310,557,144,230,227,462,20,117,101
105,73,123,115,102,514,624,141,551,409,551,18,436,101
93,82,127,110,92,459,866,257,664,366,784,130,554,101
91,85,157,86,68,447,566,213,460,356,481,56,374,101
84,102,139,94,108,548,799,420,337,464,697,281,243,101
100,102,146,143,121,483,818,230,309,383,716,84,166,101
102,93,138,92,105,676,955,286,303,574,862,148,211,101
88,92,121,56,45,678,525,365,408,590,433,244,352,101
92,99,127,97,110,946,601,219,283,854,502,92,186,101
111,96,131,106,75,465,470,186,543,354,374,55,437,101
101,110,123,116,95,647,616,194,326,546,506,71,210,101
100,89,152,108,92,648,480,157,322,548,391,5,214,101
114,95,149,105,95,435,538,198,341,321,443,49,236,101
54,56,56,73,48,171,192,159,384,117,136,103,311,102
37,58,79,67,64,189,128,149,342,152,70,70,275,102
77,62,80,57,64,206,258,490,200,129,196,410,143,102
51,64,64,63,56,213,201,267,191,162,137,203,128,102
64,39,73,56,63,267,191,408,210,203,152,335,154,102
63,63,97,71,22,225,166,433,325,162,103,336,254,102
64,66,81,80,73,176,317,135,407,112,251,54,327,102
67,72,39,56,72,246,159,358,191,179,87,319,135,102
54,73,89,90,66,175,150,425,194,121,77,336,104,102
63,73,57,82,89,208,165,301,185,145,92,244,103,102
72,64,87,63,48,258,236,440,215,186,172,353,152,102
81,65,56,72,56,239,143,335,191,158,78,279,119,102
64,79,90,97,73,225,198,418,225,161,119,328,128,102
62,79,80,71,82,159,157,233,200,97,78,153,129,102
64,80,91,90,73,186,183,332,193,122,103,241,103,102
73,74,71,64,81,185,161,373,159,112,87,302,95,102
70,73,64,82,72,206,151,217,192,136,78,153,110,102
42,65,48,65,106,154,151,167,533,112,86,119,468,102
63,56,91,110,64,208,598,269,225,145,542,178,115,102
63,72,39,80,55,160,191,151,268,97,119,112,188,102
106,94,129,144,111,397,1699,2001,1266,291,1605,1872,1122,103
114,112,95,111,112,269,334,300,300,155,222,205,189,103
112,111,112,111,146,267,283,250,283,155,172,138,172,103
112,110,96,128,129,300,283,217,283,188,173,121,155,103
111,95,78,112,112,282,284,149,284,171,189,71,172,103
112,95,78,111,128,267,267,200,300,155,172,122,189,103
111,95,79,110,128,283,266,234,283,172,171,155,173,103
95,112,78,127,129,266,284,200,300,171,172,122,173,103
111,92,79,111,146,285,264,200,283,174,172,121,172,103
94,95,79,127,129,266,250,234,299,172,155,155,172,103
111,111,95,112,162,300,466,467,350,189,355,372,238,103
111,95,79,110,129,316,283,351,316,205,188,272,206,103
95,115,95,145,111,263,287,216,351,168,172,121,206,103
128,111,79,127,144,266,283,184,317,138,172,105,190,103
95,111,79,128,129,300,299,217,317,205,188,138,189,103
78,112,79,110,112,282,284,250,333,204,172,171,223,103
95,111,95,127,112,251,282,284,283,156,171,189,156,103
95,128,79,110,128,267,266,234,283,172,138,155,173,103
111,111,78,111,112,250,300,183,266,139,189,105,155,103
112,115,78,111,112,213,271,216,267,101,156,138,156,103
63,102,68,75,59,196,1739,862,393,133,1637,794,318,104
60,78,59,86,96,243,1128,452,360,183,1050,393,274,104
73,102,85,68,83,209,203,1090,228,136,101,1005,160,104
83,92,77,60,93,229,409,255,169,146,317,178,109,104
86,70,69,68,96,203,162,213,136,117,92,144,68,104
75,58,59,76,86,213,152,194,152,138,94,135,76,104
90,90,69,70,86,219,176,211,137,129,86,142,67,104
83,87,70,68,84,193,179,213,171,110,92,143,103,104
75,77,85,76,69,194,170,203,144,119,93,118,68,104
70,79,78,79,71,178,171,194,137,108,92,116,58,104
65,103,104,84,103,176,177,666,193,111,74,562,109,104
57,74,69,77,76,228,184,212,128,171,110,143,51,104
85,120,84,96,53,680,312,277,362,595,192,193,266,104
76,94,77,77,52,418,212,262,302,342,118,185,225,104
114,68,80,77,52,217,169,213,245,103,101,133,168,104
74,86,78,88,61,197,195,228,254,123,109,150,166,104
75,97,94,95,68,190,173,211,232,115,76,117,137,104
87,77,80,93,60,222,201,198,254,135,124,118,161,104
92,92,86,77,60,503,193,212,221,411,101,126,144,104
89,95,94,92,61,202,172,229,301,113,77,135,209,104
42,50,55,56,47,811,940,1460,1079,769,890,1405,1023,105
46,53,69,33,55,1123,719,978,957,1077,666,909,924,105
42,59,55,64,54,736,414,700,292,694,355,645,228,105
47,51,54,51,55,539,365,487,288,492,314,433,237,105
55,62,54,69,48,579,602,485,621,524,540,431,552,105
40,51,54,62,54,591,398,461,358,551,347,407,296,105
51,52,49,62,54,600,520,438,342,549,468,389,280,105
52,54,54,63,51,540,619,389,314,488,565,335,251,105
60,67,54,54,47,620,431,452,341,560,364,398,287,105
52,53,54,57,54,668,550,424,450,616,497,370,393,105
54,51,61,50,40,638,382,629,870,584,331,568,820,105
56,64,61,60,49,517,480,460,445,461,416,399,385,105
53,50,56,59,63,546,419,373,338,493,369,317,279,105
45,46,61,47,61,532,385,465,422,487,339,404,375,105
59,53,46,58,64,566,428,345,301,507,375,299,243,105
58,56,54,62,64,564,384,276,290,506,328,222,228,105
53,44,65,56,54,492,391,325,303,439,347,260,247,105
53,61,54,56,55,451,357,267,277,398,296,213,221,105
53,72,62,60,63,425,384,329,247,372,312,267,187,105
48,53,60,54,55,623,384,417,290,575,331,357,236,105
128,102,62,104,122,273,1176,1424,394,145,1074,1362,290,106
60,82,100,87,101,294,358,340,255,234,276,240,168,106
98,122,124,84,128,285,265,317,293,187,143,193,209,106
116,103,113,81,102,261,300,700,218,145,197,587,137,106
142,115,126,96,105,698,418,849,305,556,303,723,209,106
126,152,178,142,151,348,358,717,272,222,206,539,130,106
113,114,138,130,142,247,303,419,277,134,189,281,147,106
138,136,125,122,114,276,306,516,224,138,170,391,102,106
99,90,162,113,132,269,268,460,259,170,178,298,146,106
133,127,109,94,125,446,461,410,208,313,334,301,114,106
64,106,95,90,107,181,183,301,189,117,77,206,99,106
82,83,85,82,92,191,153,407,183,109,70,322,101,106
84,67,93,74,75,192,194,354,201,108,127,261,127,106
84,67,95,72,114,210,144,282,190,126,77,187,118,106
90,84,77,98,84,225,182,404,202,135,98,327,104,106
69,91,94,94,89,208,150,192,202,139,59,98,108,106
79,111,94,74,104,267,197,348,200,188,86,254,126,106
125,82,92,66,104,262,155,220,190,137,73,128,124,106
104,98,84,113,83,201,222,192,279,97,124,108,166,106
10,105,76,76,85,115,211,173,231,105,106,97,155,106
98,115,98,105,73,190,259,216,224,92,144,118,119,107
57,90,82,90,65,166,216,216,241,109,126,134,151,107
91,98,81,99,73,216,233,208,232,125,135,127,133,107
82,90,73,73,90,224,258,545,215,142,168,472,142,107
80,107,74,89,74,239,282,309,248,159,175,235,159,107
90,74,74,82,116,232,241,216,224,142,167,142,142,107
90,115,90,115,98,232,283,224,249,142,168,134,134,107
41,88,81,98,132,210,264,199,249,169,176,118,151,107
71,78,82,116,149,200,229,241,324,129,151,159,208,107
98,100,89,106,64,207,268,207,553,109,168,118,447,107
74,107,88,98,107,200,268,272,266,126,161,184,168,107
65,99,57,106,116,241,283,217,314,176,184,160,208,107
89,122,81,81,72,267,330,275,292,178,208,194,211,107
66,89,86,115,138,241,268,305,283,175,179,219,168,107
65,98,98,114,65,174,225,225,248,109,127,127,134,107
82,90,74,99,90,225,241,216,241,143,151,142,142,107
74,141,81,114,81,183,300,242,281,109,159,161,167,107
56,106,91,114,98,199,265,234,274,143,159,143,160,107
67,123,107,115,89,219,330,291,283,152,207,184,168,107
72,74,73,98,91,256,275,232,249,184,201,159,151,107
68,65,57,56,65,362,585,368,208,294,520,311,152,108
56,57,72,65,65,282,245,207,209,226,188,135,144,108
56,65,66,54,65,150,242,197,130,94,177,131,76,108
65,53,65,57,66,564,447,167,167,499,394,102,110,108
56,74,56,49,57,124,285,200,142,68,211,144,93,108
38,58,58,60,65,131,209,168,176,93,151,110,116,108
64,65,65,60,57,140,276,332,228,76,211,267,168,108
65,64,48,57,67,227,467,158,175,162,403,110,118,108
65,74,63,66,66,241,680,189,178,176,606,126,112,108
66,40,48,48,31,193,218,300,293,127,178,252,245,108
64,57,40,41,56,216,234,192,210,152,177,152,169,108
65,66,57,41,40,200,284,201,268,135,218,144,227,108
40,74,57,49,74,233,260,200,142,193,186,143,93,108
58,76,64,49,74,151,244,166,125,93,168,102,76,108
75,51,74,57,75,209,184,193,133,134,133,119,76,108
58,32,57,58,66,211,234,184,183,153,202,127,125,108
48,65,66,58,66,141,217,150,126,93,152,84,68,108
56,52,56,57,65,1475,213,225,184,1419,161,169,127,108
65,45,56,48,83,989,190,209,141,924,145,153,93,108
57,65,74,58,74,175,200,192,167,118,135,118,109,108
128,106,98,124,112,404,625,532,1228,276,519,434,1104,109
123,89,82,82,115,241,398,417,484,118,309,335,402,109
106,83,81,64,98,364,367,401,367,258,284,320,303,109
108,72,50,74,89,209,273,392,360,101,201,342,286,109
91,91,91,64,97,283,300,460,384,192,209,369,320,109
106,82,80,73,105,182,260,359,233,76,178,279,160,109
73,101,81,73,74,175,325,509,474,102,224,428,401,109
108,73,74,89,106,393,291,310,282,285,218,236,193,109
82,92,81,89,108,274,343,384,573,192,251,303,484,109
107,79,56,109,131,234,290,241,244,127,211,185,135,109
96,80,74,99,132,232,298,224,244,136,218,150,145,109
99,80,90,91,114,210,275,290,244,111,195,200,153,109
116,64,91,72,123,261,257,326,241,145,193,235,169,109
99,64,80,82,115,244,292,432,300,145,228,352,218,109
88,64,82,83,113,233,299,266,219,145,235,184,136,109
126,74,75,107,131,218,500,258,235,92,426,183,128,109
66,74,72,89,123,275,252,257,208,209,178,185,119,109
83,74,74,82,105,268,283,266,245,185,209,192,163,109
89,63,74,133,114,259,264,275,469,170,201,201,336,109
97,73,65,89,97,415,400,259,384,318,327,194,295,109
86,58,77,54,71,312,316,343,333,226,258,266,279,110
95,97,70,48,102,265,530,307,366,170,433,237,318,110
104,89,86,30,74,275,336,336,339,171,247,250,309,110
103,80,95,75,103,317,312,287,352,214,232,192,277,110
96,80,89,81,72,275,276,276,354,179,196,187,273,110
89,81,83,75,75,253,290,286,340,164,209,203,265,110
88,74,90,82,74,247,277,285,360,159,203,195,278,110
101,76,83,97,72,260,260,238,338,159,184,155,241,110
94,89,80,104,94,264,269,228,344,170,180,148,240,110
116,88,83,87,95,270,307,238,328,154,219,155,241,110
103,81,91,98,80,275,267,227,352,172,186,136,254,110
76,60,57,65,56,258,280,246,308,182,220,189,243,110
98,73,56,76,76,235,259,240,326,137,186,184,250,110
88,87,92,105,70,234,254,239,346,146,167,147,241,110
79,77,101,90,74,252,245,246,342,173,168,145,252,110
87,96,95,88,67,226,262,248,332,139,166,153,244,110
95,98,88,62,75,224,246,259,289,129,148,171,227,110
73,81,87,73,83,211,237,256,292,138,156,169,219,110
69,86,64,82,81,191,285,217,307,122,199,153,225,110
65,81,92,85,91,195,241,231,306,130,160,139,221,110
90,90,73,81,89,584,560,493,593,494,470,420,512,111
72,89,89,73,73,425,376,417,434,353,287,328,361,111
73,58,90,82,49,426,309,350,418,353,251,260,336,111
81,73,89,82,73,392,317,334,375,311,244,245,293,111
73,65,90,73,72,392,284,334,326,319,219,244,253,111
89,81,90,73,57,359,275,293,316,270,194,203,243,111
64,74,90,73,82,291,267,284,309,227,193,194,236,111
97,39,82,47,73,350,250,368,309,253,211,286,262,111
22,64,82,48,65,351,266,326,275,329,202,244,227,111
81,57,72,47,56,450,335,342,618,369,278,270,571,111
72,48,81,73,82,358,259,300,284,286,211,219,211,111
81,57,97,64,56,358,243,292,317,277,186,195,253,111
48,73,91,39,99,333,267,310,266,285,194,219,227,111
72,64,91,31,55,342,258,318,276,270,194,227,245,111
72,49,97,46,73,333,235,285,249,261,186,188,203,111
72,57,89,56,72,300,234,292,243,228,177,203,187,111
64,56,81,57,48,301,250,317,276,237,194,236,219,111
65,64,65,39,90,326,250,284,267,261,186,219,228,111
81,56,88,57,48,342,227,282,259,261,171,194,202,111
89,72,88,49,81,326,234,274,226,237,162,186,177,111
101,80,88,105,81,614,1052,576,567,513,972,488,462,112
112,79,84,95,87,283,989,340,266,171,910,256,171,112
116,81,88,95,107,150,518,453,222,34,437,365,127,112
91,114,90,97,82,287,549,578,224,196,435,488,127,112
108,88,82,98,68,235,542,235,898,127,454,153,800,112
120,70,75,105,71,233,455,336,435,113,385,261,330,112
129,97,106,106,88,248,442,426,335,119,345,320,229,112
106,97,107,97,90,219,340,453,208,113,243,346,111,112
89,71,75,107,88,152,263,244,177,63,192,169,70,112
88,88,64,97,74,158,250,276,183,70,162,212,86,112
85,78,73,101,83,483,323,268,190,398,245,195,89,112
121,105,89,96,91,164,250,285,190,43,145,196,94,112
85,92,80,105,72,197,260,259,241,112,168,179,136,112
112,91,108,104,81,172,359,254,165,60,268,146,61,112
113,97,76,96,81,139,225,561,157,26,128,485,61,112
103,99,94,90,65,213,322,196,208,110,223,102,118,112
116,98,73,99,91,134,217,442,192,18,119,369,93,112
120,70,68,73,90,149,803,129,185,29,733,61,112,112
99,81,66,99,83,135,237,447,257,36,156,381,158,112
112,102,78,89,65,173,730,306,216,61,628,228,127,112
