H1,H2,H3,H4,H5,H6,DD1,DD2,DD3,DD4,DD5,UD1,UD2,UD3,UD4,UD5,user_id
61,81,78,73,80,49,231,3268,203,878,297,170,3187,125,805,217,1
79,48,55,55,69,50,221,1528,197,954,295,142,1480,142,899,226,1
70,54,81,80,80,47,214,808,183,385,256,144,754,102,305,176,1
47,39,83,66,73,59,188,351,189,310,250,141,312,106,244,177,1
56,64,68,64,91,71,156,306,161,266,210,100,242,93,202,119,1
69,63,84,67,77,74,189,279,166,301,303,120,216,82,234,226,1
61,64,61,72,72,66,187,429,172,376,297,126,365,111,304,225,1
64,55,75,66,56,24,165,333,164,336,314,101,278,89,270,258,1
78,63,54,54,91,57,174,376,165,273,217,96,313,111,219,126,1
74,75,75,65,57,50,156,335,159,341,265,82,260,84,276,208,1
76,74,65,65,82,57,193,343,165,293,223,117,269,100,228,141,1
38,49,65,73,65,31,179,268,167,225,216,141,219,102,152,151,1
66,47,68,74,66,58,175,282,168,259,205,109,235,100,185,139,1
56,80,73,65,56,50,166,291,174,300,242,110,211,101,235,186,1
64,64,39,56,29,65,165,310,165,329,195,101,246,126,273,166,1
40,54,64,63,68,40,174,474,167,232,225,134,420,103,169,157,1
64,63,76,64,42,54,166,289,167,274,210,102,226,91,210,168,1
56,49,74,66,55,49,172,292,175,218,232,116,243,101,152,177,1
39,58,57,57,75,57,175,232,158,225,210,136,174,101,168,135,1
74,59,65,72,65,57,165,286,158,240,227,91,227,93,168,162,1
97,100,48,76,45,68,374,349,36619,948,1539,277,249,36571,872,1494,2
95,67,56,80,85,75,273,261,488,812,826,178,194,432,732,741,2
80,81,74,116,73,57,320,783,271,580,370,240,702,197,464,297,2
73,79,66,89,104,91,267,286,315,323,286,194,207,249,234,182,2
109,84,82,85,83,76,397,530,311,374,353,288,446,229,289,270,2
83,64,82,84,78,84,317,478,478,302,292,234,414,396,218,214,2
56,87,84,83,91,74,274,391,347,1023,205,218,304,263,940,114,2
105,59,81,74,70,75,281,207,206,244,220,176,148,125,170,150,2
100,67,54,26,68,64,270,251,210,264,217,170,184,156,238,149,2
94,66,68,81,60,56,276,195,202,269,234,182,129,134,188,174,2
81,89,83,69,70,53,263,204,198,238,220,182,115,115,169,150,2
95,54,59,49,64,67,280,187,197,217,203,185,133,138,168,139,2
87,54,71,70,62,64,1443,206,240,264,228,1356,152,169,194,166,2
86,72,54,56,38,69,264,241,204,272,208,178,169,150,216,170,2
51,48,59,57,56,60,256,212,208,257,253,205,164,149,200,197,2
62,51,55,83,55,69,280,214,204,251,202,218,163,149,168,147,2
85,61,61,57,24,72,257,223,225,264,216,172,162,164,207,192,2
83,65,84,79,72,58,256,221,204,245,220,173,156,120,166,148,2
112,55,71,48,59,75,297,208,235,396,230,185,153,164,348,171,2
87,60,69,52,44,67,258,215,214,297,240,171,155,145,245,196,2
89,75,57,90,71,73,265,285,349,267,249,176,210,292,177,178,3
91,91,56,90,74,73,233,267,216,201,299,142,176,160,111,225,3
72,94,74,77,94,77,112,236,164,100,201,40,142,90,23,107,3
72,74,57,73,60,73,132,201,166,113,170,60,127,109,40,110,3
72,74,72,72,72,72,149,201,150,133,183,77,127,78,61,111,3
73,76,89,73,72,57,132,201,166,168,215,59,125,77,95,143,3
90,80,73,74,58,75,110,223,150,166,200,20,143,77,92,142,3
72,58,58,73,77,91,183,183,133,130,187,111,125,75,57,110,3
71,78,91,78,72,74,128,187,113,137,184,57,109,22,59,112,3
56,77,91,74,91,75,95,187,132,135,183,39,110,41,61,92,3
90,74,74,91,77,73,383,200,533,112,171,293,126,459,21,94,3
91,73,76,77,92,64,150,197,183,134,183,59,124,107,57,91,3
72,69,72,75,76,61,169,181,149,130,219,97,112,77,55,143,3
89,61,91,75,95,60,128,187,150,94,202,39,126,59,19,107,3
94,45,72,75,112,73,110,172,114,116,153,16,127,42,41,41,3
72,59,90,96,73,39,113,187,111,155,167,41,128,21,59,94,3
72,55,91,77,21,39,133,183,130,187,116,61,128,39,110,95,3
70,63,57,78,55,64,110,189,96,171,179,40,126,39,93,124,3
57,78,105,78,58,59,96,172,128,154,180,39,94,23,76,122,3
90,79,74,73,57,56,109,190,166,201,183,19,111,92,128,126,3
70,80,82,96,105,89,368,195,753,216,199,298,115,671,120,94,4
95,105,78,70,93,88,416,199,268,232,197,321,94,190,162,104,4
66,100,90,91,131,90,232,175,245,188,186,166,75,155,97,55,4
85,67,83,76,99,91,384,166,284,195,202,299,99,201,119,103,4
88,85,73,97,83,87,512,196,264,237,261,424,111,191,140,178,4
89,98,55,71,115,100,334,216,263,202,265,245,118,208,131,150,4
75,66,86,92,105,93,287,265,431,159,207,212,199,345,67,102,4
85,89,87,79,93,93,265,164,239,182,186,180,75,152,103,93,4
69,74,83,59,69,73,208,138,221,192,175,139,64,138,133,106,4
80,90,83,57,81,84,244,186,256,184,208,164,96,173,127,127,4
99,95,99,85,96,83,236,183,247,197,231,137,88,148,112,135,4
92,95,91,79,105,97,241,174,252,184,208,149,79,161,105,103,4
92,100,92,90,93,21,235,189,243,212,263,143,89,151,122,170,4
88,102,91,98,97,105,248,205,319,243,227,160,103,228,145,130,4
112,97,100,78,87,90,811,185,319,220,215,699,88,219,142,128,4
97,87,96,88,116,98,282,181,613,200,227,185,94,517,112,111,4
92,113,115,82,96,87,285,181,320,239,234,193,68,205,157,138,4
101,91,100,96,100,107,275,193,984,224,199,174,102,884,128,99,4
86,104,93,77,80,96,279,200,314,241,221,193,96,221,164,141,4
98,86,69,78,99,82,307,208,269,224,208,209,122,200,146,109,4
110,104,124,136,105,72,700,1029,1226,1445,390,590,925,1102,1309,285,5
137,94,129,86,117,121,551,390,567,1729,379,414,296,438,1643,262,5
124,100,156,123,129,113,293,358,425,1389,381,169,258,269,1266,252,5
137,110,148,121,89,114,1033,3050,274,481,191,896,2940,126,360,102,5
129,118,137,113,115,129,351,405,391,364,251,222,287,254,251,136,5
140,122,144,129,97,106,351,401,349,406,241,211,279,205,277,144,5
119,129,149,133,105,111,366,471,319,406,259,247,342,170,273,154,5
139,137,113,107,113,114,308,507,314,368,232,169,370,201,261,119,5
154,113,130,132,115,130,473,374,348,374,252,319,261,218,242,137,5
121,95,110,131,112,82,401,1615,294,426,288,280,1520,184,295,176,5
123,103,148,105,127,102,383,357,394,425,281,260,254,246,320,154,5
128,101,137,138,131,131,434,580,289,425,223,306,479,152,287,92,5
146,96,135,115,114,106,474,1332,283,478,276,328,1236,148,363,162,5
119,98,128,115,112,106,304,677,313,435,415,185,579,185,320,303,5
156,118,113,100,120,105,309,499,304,394,249,153,381,191,294,129,5
120,93,154,132,129,87,344,288,366,374,292,224,195,212,242,163,5
110,117,139,115,96,129,286,335,299,418,207,176,218,160,303,111,5
139,116,136,112,107,80,271,386,332,448,274,132,270,196,336,167,5
114,116,129,116,88,113,348,393,339,410,256,234,277,210,294,168,5
178,87,107,119,107,65,615,445,343,481,399,437,358,236,362,292,5
88,83,109,118,88,64,312,260,632,263,227,224,177,523,145,139,6
78,77,123,111,87,84,318,241,738,283,224,240,164,615,172,137,6
81,82,93,106,83,86,248,164,285,229,179,167,82,192,123,96,6
82,96,97,106,100,91,320,308,601,202,261,238,212,504,96,161,6
73,98,86,84,79,96,195,212,282,198,194,122,114,196,114,115,6
85,79,81,82,71,76,250,262,289,219,200,165,183,208,137,129,6
77,75,76,93,74,88,218,147,223,229,185,141,72,147,136,111,6
98,98,102,102,73,84,200,183,677,228,182,102,85,575,126,109,6
58,77,86,102,83,91,225,198,560,1122,357,167,121,474,1020,274,6
80,107,80,94,95,103,571,274,580,247,188,491,167,500,153,93,6
96,86,62,92,95,106,199,281,327,206,190,103,195,265,114,95,6
73,96,58,110,84,113,140,207,485,238,175,67,111,427,128,91,6
107,90,58,81,83,93,179,178,213,186,192,72,88,155,105,109,6
72,91,85,90,74,81,194,225,205,240,212,122,134,120,150,138,6
75,103,85,86,84,110,176,366,280,429,190,101,263,195,343,106,6
85,112,76,98,87,101,154,213,241,502,191,69,101,165,404,104,6
90,63,90,99,84,104,200,179,209,429,205,110,116,119,330,121,6
81,108,89,120,72,89,223,241,400,223,181,142,133,311,103,109,6
89,95,96,66,68,101,219,228,302,720,170,130,133,206,654,102,6
103,87,85,90,83,91,209,198,1424,207,351,106,111,1339,117,268,6
71,147,71,95,91,97,339,1377,596,658,269,268,1230,525,563,178,7
125,117,107,91,149,117,345,485,479,471,343,220,368,372,380,194,7
126,94,98,81,115,94,1017,476,529,388,279,891,382,431,307,164,7
104,95,111,90,133,114,316,318,442,406,341,212,223,331,316,208,7
71,130,73,102,119,113,527,738,907,669,305,456,608,834,567,186,7
102,122,98,89,137,83,694,593,754,261,301,592,471,656,172,164,7
61,98,122,84,116,105,146,316,841,203,267,85,218,719,119,151,7
72,90,98,99,117,113,256,332,306,285,291,184,242,208,186,174,7
46,57,62,87,98,86,484,302,249,214,236,438,245,187,127,138,7
89,82,100,90,75,87,461,250,199,191,194,372,168,99,101,119,7
79,137,105,81,70,81,762,281,554,235,231,683,144,449,154,161,7
73,96,101,114,111,103,177,346,839,278,248,104,250,738,164,137,7
72,56,81,87,117,93,346,308,268,188,258,274,252,187,101,141,7
73,114,96,97,122,74,259,309,200,214,263,186,195,104,117,141,7
63,91,81,72,81,78,189,267,167,141,184,126,176,86,69,103,7
93,89,101,64,103,96,180,271,170,177,266,87,182,69,113,163,7
69,116,105,68,81,97,867,349,808,541,218,798,233,703,473,137,7
71,102,108,82,106,109,681,295,413,589,233,610,193,305,507,127,7
92,52,73,82,125,129,844,797,174,176,244,752,745,101,94,119,7
78,108,101,95,98,97,194,877,296,223,225,116,769,195,128,127,7
107,86,86,76,105,81,276,932,346,956,248,169,846,260,880,143,8
93,74,104,73,51,78,209,775,335,1344,271,116,701,231,1271,220,8
76,53,90,80,61,86,160,213,460,369,227,84,160,370,289,166,8
73,83,101,80,57,73,164,331,290,432,176,91,248,189,352,119,8
82,62,64,75,65,67,124,433,266,337,146,42,371,202,262,81,8
71,78,75,62,59,56,213,869,245,253,139,142,791,170,191,80,8
67,81,76,76,60,70,401,736,256,414,131,334,655,180,338,71,8
61,81,76,74,63,56,206,318,495,240,440,145,237,419,166,377,8
74,68,79,65,60,67,217,399,266,306,175,143,331,187,241,115,8
104,94,122,70,74,63,364,559,229,283,154,260,465,107,213,80,8
74,77,91,88,75,42,434,686,814,364,209,360,609,723,276,134,8
64,84,141,60,72,66,328,623,287,276,135,264,539,146,216,63,8
84,81,83,65,64,75,202,300,246,439,116,118,219,163,374,52,8
95,79,104,71,55,71,184,258,227,359,117,89,179,123,288,62,8
68,82,112,61,67,56,254,209,216,367,139,186,127,104,306,72,8
130,85,89,62,68,67,200,726,178,178,163,70,641,89,116,95,8
84,80,104,82,77,80,201,933,196,199,144,117,853,92,117,67,8
104,84,80,81,67,75,166,317,398,287,139,62,233,318,206,72,8
110,94,105,61,61,71,174,262,317,240,133,64,168,212,179,72,8
80,81,77,80,61,75,240,499,177,212,149,160,418,100,132,88,8
60,72,89,47,89,80,245,133,309,250,325,185,61,220,203,236,9
62,79,63,71,69,131,315,141,560,242,466,253,62,497,171,397,9
70,79,80,80,98,107,223,150,492,206,277,153,71,412,126,179,9
54,76,63,71,78,105,201,172,501,192,174,147,96,438,121,96,9
90,96,72,81,87,89,225,191,375,184,141,135,95,303,103,54,9
71,80,97,85,88,141,206,367,729,213,282,135,287,632,128,194,9
87,78,86,71,96,98,199,151,774,183,123,112,73,688,112,27,9
77,88,89,113,117,144,255,157,995,264,218,178,69,906,151,101,9
95,146,116,105,132,174,684,155,561,241,166,589,9,445,136,34,9
122,166,123,131,166,156,681,326,476,331,334,559,160,353,200,168,9
88,123,115,79,97,115,524,208,435,217,283,436,85,320,138,186,9
96,78,81,46,63,139,726,105,293,191,318,630,27,212,145,255,9
79,62,63,72,72,88,258,190,292,207,160,179,128,229,135,88,9
97,117,75,64,70,115,709,148,260,193,141,612,31,185,129,71,9
77,119,149,81,96,124,568,279,383,217,150,491,160,234,136,54,9
96,80,55,96,88,117,659,132,292,216,132,563,52,237,120,44,9
88,125,109,104,141,108,598,149,745,256,301,510,24,636,152,160,9
79,146,89,63,116,104,809,280,309,251,352,730,134,220,188,236,9
29,72,47,62,72,88,355,108,410,283,350,326,36,363,221,278,9
60,88,80,79,96,90,555,115,318,291,157,495,27,238,212,61,9
85,73,92,112,109,69,1003,968,521,1144,497,918,895,429,1032,388,10
102,69,121,87,62,102,707,638,1640,665,346,605,569,1519,578,284,10
108,97,128,120,108,87,919,1361,430,1199,370,811,1264,302,1079,262,10
101,81,100,90,98,120,417,672,598,1315,671,316,591,498,1225,573,10
98,92,118,51,72,93,922,966,1157,678,413,824,874,1039,627,341,10
87,89,123,110,93,101,565,689,316,318,381,478,600,193,208,288,10
69,54,72,88,118,70,299,371,573,807,785,230,317,501,719,667,10
72,93,81,60,73,52,276,355,220,215,252,204,262,139,155,179,10
71,91,83,62,79,84,310,424,370,358,439,239,333,287,296,360,10
110,81,98,79,83,82,793,968,361,429,477,683,887,263,350,394,10
70,75,99,65,59,63,318,386,312,343,325,248,311,213,278,266,10
61,101,91,85,109,82,293,367,280,948,399,232,266,189,863,290,10
72,105,103,94,104,98,273,369,275,256,404,201,264,172,162,300,10
79,74,81,99,103,100,309,384,227,288,308,230,310,146,189,205,10
81,72,82,76,103,91,347,337,269,245,358,266,265,187,169,255,10
72,65,92,78,103,90,336,390,249,215,263,264,325,157,137,160,10
71,63,92,92,74,91,292,354,220,247,253,221,291,128,155,179,10
70,63,70,83,86,81,301,323,207,209,240,231,260,137,126,154,10
60,65,79,89,105,99,315,345,214,206,355,255,280,135,117,250,10
72,83,72,102,83,61,272,358,183,229,230,200,275,111,127,147,10
53,55,70,71,72,64,136,1578,212,1222,196,83,1523,142,1151,124,11
81,64,72,40,25,51,180,453,206,1319,80,99,389,134,1279,55,11
63,65,63,39,98,53,137,504,146,1331,123,74,439,83,1292,25,11
97,45,64,62,108,17,182,327,197,463,111,85,282,133,401,3,11
70,54,78,62,108,71,121,756,253,668,204,51,702,175,606,96,11
38,79,72,55,90,87,270,311,205,435,182,232,232,133,380,92,11
69,80,64,63,71,80,819,561,139,287,138,750,481,75,224,67,11
18,47,80,63,78,81,764,379,147,869,178,746,332,67,806,100,11
105,80,96,55,71,81,493,396,137,536,104,388,316,41,481,33,11
70,63,72,55,79,40,617,511,173,519,170,547,448,101,464,91,11
76,56,63,45,63,77,325,297,180,369,257,249,241,117,324,194,11
68,73,63,56,63,32,316,339,163,321,262,248,266,100,265,199,11
72,74,62,47,87,71,295,297,154,280,3577,223,223,92,233,3490,11
112,71,78,77,70,87,252,1615,678,385,130,140,1544,600,308,60,11
71,63,76,64,63,64,337,297,111,454,87,266,234,35,390,24,11
79,64,55,64,80,63,344,329,88,205,163,265,265,33,141,83,11
71,80,64,63,71,55,154,354,89,303,121,83,274,25,240,50,11
78,80,72,63,82,62,195,312,197,287,1310,117,232,125,224,1228,11
77,72,87,70,55,80,210,504,420,444,137,133,432,333,374,82,11
94,80,78,80,90,62,187,346,145,322,1227,93,266,67,242,1137,11
110,111,103,108,137,106,368,586,322,1736,473,258,475,219,1628,336,12
87,104,89,83,95,77,215,695,196,301,241,128,591,107,218,146,12
94,88,105,78,102,73,236,276,222,241,226,142,188,117,163,124,12
92,95,86,71,102,87,226,334,212,236,220,134,239,126,165,118,12
115,75,84,68,77,98,250,232,215,229,167,135,157,131,161,90,12
67,86,97,77,96,89,186,247,200,231,194,119,161,103,154,98,12
84,93,95,69,103,76,197,221,205,224,179,113,128,110,155,76,12
73,74,69,73,92,83,204,263,201,222,183,131,189,132,149,91,12
75,85,95,93,94,88,203,233,215,238,187,128,148,120,145,93,12
86,96,89,89,95,86,188,221,198,242,188,102,125,109,153,93,12
65,95,85,80,87,90,212,231,193,216,171,147,136,108,136,84,12
75,84,96,78,77,84,186,222,205,538,189,111,138,109,460,112,12
82,89,101,86,87,90,187,267,198,231,187,105,178,97,145,100,12
89,90,94,98,96,96,181,225,195,285,170,92,135,101,187,74,12
79,76,85,77,78,88,189,223,196,239,171,110,147,111,162,93,12
70,76,87,80,73,90,175,194,188,247,148,105,118,101,167,75,12
80,80,78,94,85,77,182,197,174,383,161,102,117,96,289,76,12
63,78,84,81,96,80,172,199,193,225,161,109,121,109,144,65,12
72,89,80,95,77,78,163,198,173,215,144,91,109,93,120,67,12
70,91,85,80,79,87,186,211,186,205,189,116,120,101,125,110,12
72,107,51,107,67,72,683,626,1726,773,399,611,519,1675,666,332,13
55,71,108,86,51,59,1165,1121,1402,423,199,1110,1050,1294,337,148,13
77,81,90,74,46,70,830,658,760,901,75,753,577,670,827,29,13
51,47,59,64,41,62,173,307,1561,198,119,122,260,1502,134,78,13
82,64,65,66,57,49,951,659,461,197,150,869,595,396,131,93,13
91,81,82,87,71,61,464,494,696,330,176,373,413,614,243,105,13
59,67,87,59,50,91,438,337,348,248,171,379,270,261,189,121,13
59,82,41,33,48,44,439,312,362,192,162,380,230,321,159,114,13
53,39,69,50,61,54,427,399,777,179,140,374,360,708,129,79,13
86,74,63,75,64,65,401,283,499,234,116,315,209,436,159,52,13
62,85,101,58,57,79,340,439,438,214,127,278,354,337,156,70,13
62,95,72,52,109,64,382,312,357,149,145,320,217,285,97,36,13
81,74,49,78,56,60,229,247,296,136,170,148,173,247,58,114,13
87,83,40,59,54,45,260,272,272,127,173,173,189,232,68,119,13
68,60,47,52,79,20,264,259,295,121,193,196,199,248,69,114,13
82,101,117,81,83,60,239,171,266,123,172,157,70,149,42,89,13
91,65,48,59,61,19,496,279,370,139,174,405,214,322,80,113,13
47,65,86,58,53,37,445,320,307,162,162,398,255,221,104,109,13
54,72,47,47,72,70,396,1922,371,84,175,342,1850,324,37,103,13
42,83,101,92,81,60,289,238,322,143,135,247,155,221,51,54,13
42,202,82,56,56,65,190,1225,156,928,212,148,1023,74,872,156,14
55,65,62,66,65,73,129,252,91,298,153,74,187,29,232,88,14
73,74,39,58,72,64,143,322,184,692,223,70,248,145,634,151,14
57,67,56,57,65,72,138,351,119,313,187,81,284,63,256,122,14
39,58,58,56,65,82,134,429,112,419,178,95,371,54,363,113,14
48,57,73,56,72,81,102,262,110,246,176,54,205,37,190,104,14
56,57,81,48,73,74,119,238,127,236,177,63,181,46,188,104,14
49,74,48,58,64,82,98,266,110,263,178,49,192,62,205,114,14
56,57,81,66,66,99,118,229,109,237,170,62,172,28,171,104,14
63,66,65,58,74,90,102,460,118,288,186,39,394,53,230,112,14
64,73,66,65,91,81,127,285,129,285,204,63,212,63,220,113,14
56,57,73,66,81,99,110,311,128,286,177,54,254,55,220,96,14
65,73,64,57,74,83,127,654,94,316,195,62,581,30,259,121,14
57,90,73,65,82,92,104,909,129,304,187,47,819,56,239,105,14
55,66,48,66,74,98,134,712,94,271,171,79,646,46,205,97,14
65,65,73,49,56,74,119,270,110,261,162,54,205,37,212,106,14
65,74,65,66,81,82,127,278,119,287,168,62,204,54,221,87,14
70,65,65,65,65,64,108,311,118,286,238,38,246,53,221,173,14
49,40,55,65,48,73,122,730,93,374,235,73,690,38,309,187,14
46,74,81,81,66,81,118,306,103,369,204,72,232,22,288,138,14
106,118,80,103,96,79,157,462,205,1307,134,51,344,125,1204,38,15
102,88,100,88,96,79,162,1171,166,680,105,60,1083,66,592,9,15
64,80,93,102,104,80,138,402,139,410,119,74,322,46,308,15,15
96,73,79,102,81,102,133,491,132,388,111,37,418,53,286,30,15
109,89,94,97,104,102,161,549,131,529,127,52,460,37,432,23,15
109,73,87,96,79,93,183,476,131,521,104,74,403,44,425,25,15
104,92,80,111,94,94,143,400,146,508,117,39,308,66,397,23,15
120,94,87,108,81,79,150,438,162,1445,110,30,344,75,1337,29,15
95,95,87,117,88,82,104,359,169,629,133,9,264,82,512,45,15
103,85,86,96,103,79,128,401,153,396,126,25,316,67,300,23,15
88,79,87,96,88,80,129,459,146,563,154,41,380,59,467,66,15
88,75,79,118,81,72,104,1153,139,483,104,16,1078,60,365,23,15
104,102,95,87,90,80,128,460,155,519,118,24,358,60,432,28,15
95,74,86,87,94,85,133,433,161,452,119,38,359,75,365,25,15
105,93,86,102,101,86,129,636,145,468,139,24,543,59,366,38,15
103,94,87,94,88,73,127,621,169,1007,154,24,527,82,913,66,15
120,91,87,101,86,102,138,391,133,526,131,18,300,46,425,45,15
88,93,80,105,94,71,157,1043,146,485,104,69,950,66,380,10,15
87,87,89,103,94,72,104,343,132,534,117,17,256,43,431,23,15
87,87,80,109,87,88,112,395,161,796,139,25,308,81,687,52,15
128,102,62,104,122,96,273,1176,1424,394,353,145,1074,1362,290,231,16
60,82,100,87,101,122,294,358,340,255,264,234,276,240,168,163,16
98,122,124,84,128,103,285,265,317,293,276,187,143,193,209,148,16
116,103,113,81,102,74,261,300,700,218,249,145,197,587,137,147,16
142,115,126,96,105,112,698,418,849,305,273,556,303,723,209,168,16
126,152,178,142,151,140,348,358,717,272,346,222,206,539,130,195,16
113,114,138,130,142,94,247,303,419,277,240,134,189,281,147,98,16
138,136,125,122,114,112,276,306,516,224,300,138,170,391,102,186,16
99,90,162,113,132,121,269,268,460,259,290,170,178,298,146,158,16
133,127,109,94,125,106,446,461,410,208,182,313,334,301,114,57,16
64,106,95,90,107,93,181,183,301,189,164,117,77,206,99,57,16
82,83,85,82,92,94,191,153,407,183,171,109,70,322,101,79,16
84,67,93,74,75,94,192,194,354,201,145,108,127,261,127,70,16
84,67,95,72,114,82,210,144,282,190,195,126,77,187,118,81,16
90,84,77,98,84,73,225,182,404,202,231,135,98,327,104,147,16
69,91,94,94,89,104,208,150,192,202,173,139,59,98,108,84,16
79,111,94,74,104,97,267,197,348,200,173,188,86,254,126,69,16
125,82,92,66,104,106,262,155,220,190,163,137,73,128,124,59,16
104,98,84,113,83,68,201,222,192,279,264,97,124,108,166,181,16
10,105,76,76,85,75,115,211,173,231,135,105,106,97,155,50,16
61,40,27,52,71,81,415,1532,1806,237,330,354,1492,1779,185,259,17
59,81,40,56,63,56,317,534,404,250,396,258,453,364,194,333,17
48,48,40,80,72,65,329,535,323,304,394,281,487,283,224,322,17
55,56,76,65,54,75,369,713,406,259,281,314,657,330,194,227,17
54,64,56,64,57,80,279,654,525,452,446,225,590,469,388,389,17
82,43,48,48,55,73,757,439,329,224,291,675,396,281,176,236,17
71,72,31,56,72,80,321,289,273,226,266,250,217,242,170,194,17
56,65,46,65,73,48,297,471,475,379,362,241,406,429,314,289,17
85,64,65,56,65,40,383,305,413,280,337,298,241,348,224,272,17
85,56,81,54,72,72,539,298,680,213,290,454,242,599,159,218,17
83,72,64,56,64,81,373,315,372,223,345,290,243,308,167,281,17
64,77,48,65,72,89,984,449,502,242,324,920,372,454,177,252,17
72,53,64,34,65,92,711,425,614,292,723,639,372,550,258,658,17
81,65,48,55,64,80,469,395,379,345,371,388,330,331,290,307,17
87,57,64,63,71,65,402,495,653,362,426,315,438,589,299,355,17
56,57,68,57,64,72,411,761,432,420,395,355,704,364,363,331,17
71,66,64,73,65,98,351,309,471,256,298,280,243,407,183,233,17
72,65,90,72,89,97,386,267,308,233,267,314,202,218,161,178,17
60,120,73,73,81,81,230,336,529,223,272,170,216,456,150,191,17
73,80,71,73,74,72,256,266,330,251,300,183,186,259,178,226,17
57,94,76,61,69,42,293,373,1136,1239,356,236,279,1060,1178,287,18
113,101,88,80,94,102,417,427,958,266,324,304,326,870,186,230,18
75,82,84,90,86,93,366,290,349,472,249,291,208,265,382,163,18
94,85,114,91,98,111,419,304,472,179,293,325,219,358,88,195,18
95,106,92,98,83,99,320,283,380,179,277,225,177,288,81,194,18
92,101,100,87,93,73,427,263,362,209,291,335,162,262,122,198,18
113,112,92,127,121,66,306,354,367,234,351,193,242,275,107,230,18
129,139,139,100,113,109,328,330,339,182,322,199,191,200,82,209,18
108,119,120,93,116,95,248,296,366,173,253,140,177,246,80,137,18
100,107,119,86,96,74,323,335,401,172,272,223,228,282,86,176,18
97,113,122,106,118,114,346,351,552,179,282,249,238,430,73,164,18
95,112,119,100,130,103,366,329,835,172,360,271,217,716,72,230,18
107,114,109,89,103,110,312,297,339,184,374,205,183,230,95,271,18
106,130,110,137,104,102,323,322,428,196,183,217,192,318,59,79,18
120,98,108,94,103,84,359,346,553,147,233,239,248,445,53,130,18
90,122,71,102,106,103,263,310,318,163,212,173,188,247,61,106,18
106,119,88,96,108,101,264,328,332,219,147,158,209,244,123,39,18
121,138,98,104,99,84,330,384,431,161,220,209,246,333,57,121,18
106,116,119,113,95,93,307,277,357,243,231,201,161,238,130,136,18
145,132,112,38,106,101,339,315,374,278,238,194,183,262,240,132,18
57,59,55,59,70,69,784,257,280,1011,241,727,198,225,952,171,19
84,61,55,53,79,61,207,259,220,1078,235,123,198,165,1025,156,19
103,60,74,68,81,61,306,346,273,257,238,203,286,199,189,157,19
80,79,60,59,98,72,214,275,260,139,258,134,196,200,80,160,19
75,65,55,61,108,84,198,249,312,134,270,123,184,257,73,162,19
83,58,56,62,86,76,216,256,263,184,252,133,198,207,122,166,19
70,94,43,42,36,69,649,302,238,190,373,579,208,195,148,337,19
87,63,56,52,85,68,286,281,265,126,276,199,218,209,74,191,19
81,62,64,51,58,78,354,258,263,170,231,273,196,199,119,173,19
113,66,55,60,71,83,282,272,261,170,261,169,206,206,110,190,19
91,53,52,63,71,74,308,276,274,236,248,217,223,222,173,177,19
98,50,57,65,67,40,382,279,275,181,253,284,229,218,116,186,19
73,53,54,54,78,61,339,251,250,143,259,266,198,196,89,181,19
88,60,52,49,68,78,262,249,272,214,275,174,189,220,165,207,19
73,67,52,61,71,55,248,266,242,157,284,175,199,190,96,213,19
106,61,55,43,70,39,354,282,280,174,264,248,221,225,131,194,19
53,69,60,69,59,60,235,261,258,202,243,182,192,198,133,184,19
69,55,48,65,61,40,315,265,278,154,281,246,210,230,89,220,19
87,48,52,53,69,35,274,264,300,185,260,187,216,248,132,191,19
61,50,53,49,53,60,236,257,306,215,242,175,207,253,166,189,19
61,62,40,83,72,66,4116,2137,286,1113,148,4055,2075,246,1030,76,20
83,98,108,98,49,62,210,1221,594,578,184,127,1123,486,480,135,20
98,80,51,70,73,48,275,374,214,1738,218,177,294,163,1668,145,20
90,69,72,79,65,57,152,1546,251,527,141,62,1477,179,448,76,20
88,109,89,82,55,47,130,355,265,454,125,42,246,176,372,70,20
81,82,48,66,72,82,123,553,166,412,132,42,471,118,346,60,20
73,74,30,45,74,58,201,520,203,140,225,128,446,173,95,151,20
88,82,65,83,57,76,198,537,150,462,115,110,455,85,379,58,20
88,91,64,80,81,45,148,253,176,468,278,60,162,112,388,197,20
66,57,72,79,90,32,159,387,192,393,577,93,330,120,314,487,20
56,108,66,64,98,55,114,284,186,200,445,58,176,120,136,347,20
88,98,73,90,95,98,156,703,234,356,137,68,605,161,266,42,20
79,105,47,80,80,50,173,587,175,193,190,94,482,128,113,110,20
82,72,71,78,97,79,152,385,202,349,194,70,313,131,271,97,20
79,74,65,82,80,63,416,837,192,394,143,337,763,127,312,63,20
64,57,90,73,106,47,216,259,511,402,268,152,202,421,329,162,20
99,66,68,91,90,84,114,620,167,421,139,15,554,99,330,49,20
83,69,78,87,46,77,132,565,225,611,96,49,496,147,524,50,20
73,55,66,79,57,64,144,601,168,459,159,71,546,102,380,102,20
72,64,49,64,56,74,151,652,353,384,241,79,588,304,320,185,20
70,112,101,118,95,58,721,648,9174,467,661,651,536,9073,349,566,21
141,88,68,98,105,111,1109,718,893,468,555,968,630,825,370,450,21
109,91,108,101,97,109,1317,641,830,586,617,1208,550,722,485,520,21
99,105,77,110,91,73,604,712,488,585,440,505,607,411,475,349,21
120,89,58,90,85,49,473,1005,433,433,430,353,916,375,343,345,21
107,99,87,98,103,57,830,1048,502,469,476,723,949,415,371,373,21
111,85,69,103,90,68,538,417,526,480,486,427,332,457,377,396,21
98,90,81,74,90,90,576,501,357,323,432,478,411,276,249,342,21
130,90,69,89,100,92,380,389,329,308,309,250,299,260,219,209,21
120,110,38,69,81,80,964,555,350,317,359,844,445,312,248,278,21
119,78,78,68,59,78,544,1087,1108,379,330,425,1009,1030,311,271,21
100,69,59,65,99,88,1183,452,453,1541,463,1083,383,394,1476,364,21
120,70,58,87,78,89,393,430,729,381,470,273,360,671,294,392,21
113,58,50,79,73,78,402,371,347,407,447,289,313,297,328,374,21
110,58,80,80,65,77,452,339,386,350,364,342,281,306,270,299,21
120,88,46,88,109,89,402,394,756,391,430,282,306,710,303,321,21
106,78,81,81,71,78,718,376,937,462,360,612,298,856,381,289,21
130,79,68,90,81,63,739,362,654,512,368,609,283,586,422,287,21
111,71,81,59,92,89,433,305,371,372,471,322,234,290,313,379,21
103,71,92,87,89,80,543,360,630,253,288,440,289,538,166,199,21
106,85,91,103,114,113,222,444,858,765,307,116,359,767,662,193,22
67,64,81,102,78,61,233,1463,269,1095,294,166,1399,188,993,216,22
62,56,78,87,115,94,237,1336,217,1125,316,175,1280,139,1038,201,22
82,64,110,89,94,104,220,508,270,781,268,138,444,160,692,174,22
91,93,106,85,67,65,209,1111,219,1385,271,118,1018,113,1300,204,22
54,56,82,72,67,84,201,315,327,598,261,147,259,245,526,194,22
72,93,73,82,82,89,183,488,231,1533,250,111,395,158,1451,168,22
61,72,83,66,70,67,208,468,238,781,241,147,396,155,715,171,22
59,65,89,67,67,81,244,1030,218,1039,255,185,965,129,972,188,22
33,42,85,83,80,91,210,322,393,630,272,177,280,308,547,192,22
87,82,84,85,110,91,199,286,306,473,297,112,204,222,388,187,22
65,86,74,89,94,73,192,269,413,510,266,127,183,339,421,172,22
87,93,96,65,87,82,196,402,336,583,269,109,309,240,518,182,22
74,84,93,76,103,81,209,421,287,384,309,135,337,194,308,206,22
84,104,84,39,98,83,181,662,238,667,247,97,558,154,628,149,22
93,71,98,82,106,93,213,363,318,393,268,120,292,220,311,162,22
56,56,52,46,44,46,201,370,302,807,256,145,314,250,761,212,22
45,8,53,35,79,74,200,293,275,712,264,155,285,222,677,185,22
84,82,96,103,98,92,203,344,296,546,272,119,262,200,443,174,22
82,74,92,55,92,114,194,660,230,661,231,112,586,138,606,139,22
72,73,76,74,84,81,459,644,384,502,806,387,571,308,428,722,23
82,82,56,66,73,72,319,184,193,293,195,237,102,137,227,122,23
58,62,45,64,80,64,270,143,308,201,374,212,81,263,137,294,23
65,98,50,65,83,41,143,485,645,216,185,78,387,595,151,102,23
75,65,67,65,79,80,245,451,151,396,166,170,386,84,331,87,23
84,92,92,65,82,56,236,228,208,166,228,152,136,116,101,146,23
66,73,56,50,81,54,219,134,334,186,303,153,61,278,136,222,23
60,69,57,61,83,49,232,146,247,188,344,172,77,190,127,261,23
78,79,80,63,93,79,258,510,225,341,206,180,431,145,278,113,23
80,82,47,70,89,73,259,361,236,207,268,179,279,189,137,179,23
48,41,74,72,90,63,458,194,337,191,295,410,153,263,119,205,23
71,67,68,66,88,92,283,149,252,203,191,212,82,184,137,103,23
66,82,73,57,66,64,251,178,401,200,395,185,96,328,143,329,23
65,91,74,74,90,70,293,292,228,183,271,228,201,154,109,181,23
76,55,56,71,65,73,329,493,227,174,269,253,438,171,103,204,23
57,75,73,73,81,70,261,210,275,184,279,204,135,202,111,198,23
90,82,66,66,90,57,234,193,159,143,159,144,111,93,77,69,23
64,74,73,66,83,66,240,469,193,133,143,176,395,120,67,60,23
91,78,71,63,78,85,322,623,230,371,163,231,545,159,308,85,23
64,69,66,69,80,75,246,247,272,290,199,182,178,206,221,119,23
72,89,74,74,82,58,306,241,332,158,241,234,152,258,84,159,24
80,72,88,55,55,71,200,175,333,124,200,120,103,245,69,145,24
63,70,63,56,63,63,200,190,232,159,208,137,120,169,103,145,24
81,72,72,71,64,63,208,183,225,157,208,127,111,153,86,144,24
64,79,70,63,74,63,201,200,789,124,217,137,121,719,61,143,24
72,79,72,71,79,72,225,199,292,174,207,153,120,220,103,128,24
63,84,79,80,87,72,241,201,265,184,232,178,117,186,104,145,24
64,71,71,79,80,71,217,199,267,190,225,153,128,196,111,145,24
64,88,71,73,79,71,201,233,272,185,216,137,145,201,112,137,24
73,79,89,81,80,70,218,191,265,225,234,145,112,176,144,154,24
80,72,71,49,80,54,233,200,239,193,225,153,128,168,144,145,24
87,54,64,65,73,80,232,174,241,174,200,145,120,177,109,127,24
81,79,63,71,63,63,242,233,682,133,182,161,154,619,62,119,24
55,64,71,55,73,71,199,192,358,149,184,144,128,287,94,111,24
80,64,47,63,72,15,226,190,276,140,265,146,126,229,77,193,24
73,65,73,62,55,55,250,199,551,107,208,177,134,478,45,153,24
79,50,72,74,63,72,256,209,407,126,191,177,159,335,52,128,24
81,97,79,80,82,72,217,217,382,114,227,136,120,303,34,145,24
73,63,63,82,72,70,233,200,331,117,210,160,137,268,35,138,24
79,72,64,55,73,65,225,224,283,90,191,146,152,219,35,118,24
132,94,87,78,92,83,495,746,2052,3486,2070,363,652,1965,3408,1978,25
82,64,56,52,50,59,521,779,923,824,644,439,715,867,772,594,25
66,67,48,40,56,43,569,3136,817,890,641,503,3069,769,850,585,25
85,51,72,50,69,39,998,799,1061,534,390,913,748,989,484,321,25
70,72,50,27,67,48,401,749,720,462,378,331,677,670,435,311,25
62,74,67,33,50,34,391,1093,706,385,324,329,1019,639,352,274,25
58,49,25,47,51,39,360,995,624,423,304,302,946,599,376,253,25
58,63,27,56,67,46,346,550,663,1816,380,288,487,636,1760,313,25
40,58,60,59,51,50,401,584,638,560,320,361,526,578,501,269,25
51,69,59,56,62,43,350,495,641,461,313,299,426,582,405,251,25
72,78,33,40,60,59,338,857,572,432,320,266,779,539,392,260,25
81,77,57,37,41,59,397,597,583,441,299,316,520,526,404,258,25
59,98,53,42,48,45,320,480,497,448,345,261,382,444,406,297,25
64,84,69,53,58,43,331,443,627,388,318,267,359,558,335,260,25
39,62,52,56,77,62,347,446,515,331,323,308,384,463,275,246,25
66,62,51,49,62,38,356,488,539,323,300,290,426,488,274,238,25
58,73,63,50,56,40,320,370,481,339,309,262,297,418,289,253,25
66,63,43,32,57,44,330,575,577,286,299,264,512,534,254,242,25
52,77,50,56,45,45,244,588,503,389,285,192,511,453,333,240,25
46,60,76,52,64,34,255,353,794,407,315,209,293,718,355,251,25
37,50,57,70,62,66,344,519,964,244,514,307,469,907,174,452,26
55,61,22,44,54,54,228,223,228,175,267,173,162,206,131,213,26
69,45,46,52,55,63,218,182,236,175,282,149,137,190,123,227,26
76,58,62,64,56,52,218,196,242,192,270,142,138,180,128,214,26
53,63,55,54,69,62,199,191,228,185,249,146,128,173,131,180,26
56,50,71,74,62,45,208,208,274,175,267,152,158,203,101,205,26
68,78,52,84,61,51,181,202,227,188,253,113,124,175,104,192,26
59,60,60,72,79,64,215,202,218,174,258,156,142,158,102,179,26
69,54,41,57,81,48,235,204,242,172,254,166,150,201,115,173,26
69,77,69,57,61,50,193,200,229,181,259,124,123,160,124,198,26
76,86,50,64,69,37,182,203,213,170,217,106,117,163,106,148,26
59,65,53,72,70,47,173,192,192,166,217,114,127,139,94,147,26
55,66,54,74,57,40,175,169,200,165,218,120,103,146,91,161,26
57,52,63,65,73,62,173,164,207,151,204,116,112,144,86,131,26
72,79,62,73,79,69,184,194,207,159,195,112,115,145,86,116,26
56,72,62,48,77,70,172,179,210,156,201,116,107,148,108,124,26
36,77,73,60,54,62,151,181,237,172,194,115,104,164,112,140,26
67,69,59,48,60,60,183,204,211,171,191,116,135,152,123,131,26
62,78,79,61,76,61,177,195,205,159,208,115,117,126,98,132,26
62,71,113,52,64,47,161,188,200,147,184,99,117,87,95,120,26
83,105,84,106,82,54,563,467,687,356,269,480,362,603,250,187,27
88,90,86,119,90,80,389,268,392,307,292,301,178,306,188,202,27
65,98,72,118,99,72,441,267,370,319,268,376,169,298,201,169,27
68,87,106,78,83,81,312,266,577,269,252,244,179,471,191,169,27
94,96,87,105,114,90,282,266,291,292,275,188,170,204,187,161,27
85,70,89,105,94,78,282,241,291,276,257,197,171,202,171,163,27
74,87,88,105,87,69,254,250,299,268,266,180,163,211,163,179,27
97,104,96,121,94,71,290,236,306,302,256,193,132,210,181,162,27
95,98,96,122,114,73,265,241,318,281,275,170,143,222,159,161,27
87,71,110,120,105,85,311,322,609,265,285,224,251,499,145,180,27
106,100,77,107,96,78,317,294,495,285,250,211,194,418,178,154,27
95,88,93,105,96,63,299,255,321,282,257,204,167,228,177,161,27
89,70,87,127,62,61,359,250,426,731,328,270,180,339,604,266,27
84,90,79,115,111,95,305,266,299,277,274,221,176,220,162,163,27
89,89,90,106,86,64,301,231,316,294,272,212,142,226,188,186,27
79,96,90,130,111,81,309,258,391,301,273,230,162,301,171,162,27
96,99,53,122,106,80,290,736,341,323,281,194,637,288,201,175,27
94,81,84,114,79,87,324,268,367,339,266,230,187,283,225,187,27
103,122,89,130,103,81,365,289,317,318,305,262,167,228,188,202,27
97,107,86,123,89,71,393,258,339,291,302,296,151,253,168,213,27
98,78,105,101,61,99,109,781,494,311,173,11,703,389,210,112,28
60,89,105,96,72,92,119,194,298,216,140,59,105,193,120,68,28
60,82,114,107,70,80,163,370,304,255,140,103,288,190,148,70,28
75,73,105,87,62,73,152,142,298,193,145,77,69,193,106,83,28
68,82,87,122,87,79,152,285,778,279,139,84,203,691,157,52,28
60,90,90,98,69,82,120,176,297,431,146,60,86,207,333,77,28
84,73,98,107,80,81,107,194,455,210,167,23,121,357,103,87,28
76,107,79,105,80,98,277,420,256,243,131,201,313,177,138,51,28
71,71,117,106,81,97,243,156,282,218,184,172,85,165,112,103,28
69,107,110,89,81,81,226,148,307,210,139,157,41,197,121,58,28
58,78,98,105,66,94,243,129,272,216,434,185,51,174,111,368,28
76,90,106,106,100,86,259,106,262,199,276,183,16,156,93,176,28
61,72,115,104,63,79,252,149,291,217,175,191,77,176,113,112,28
75,90,115,126,78,78,258,184,304,363,148,183,94,189,237,70,28
86,88,115,96,54,98,261,192,298,244,201,175,104,183,148,147,28
103,107,87,114,79,108,320,588,245,157,138,217,481,158,43,59,28
60,71,70,104,72,99,235,428,247,172,140,175,357,177,68,68,28
70,104,107,86,63,107,246,295,294,223,113,176,191,187,137,50,28
47,80,87,105,64,90,221,195,243,181,150,174,115,156,76,86,28
67,90,100,86,71,72,224,165,292,182,174,157,75,192,96,103,28
53,87,80,78,96,95,333,509,248,476,263,280,422,168,398,167,29
75,56,67,73,91,105,281,1099,201,531,233,206,1043,134,458,142,29
88,61,79,81,86,83,469,878,171,357,235,381,817,92,276,149,29
61,86,96,85,87,95,310,427,314,286,239,249,341,218,201,152,29
78,87,75,71,95,83,294,502,189,189,251,216,415,114,118,156,29
84,98,96,95,96,71,217,363,181,229,273,133,265,85,134,177,29
74,94,87,87,77,80,242,624,212,219,234,168,530,125,132,157,29
71,87,71,80,84,88,329,303,164,217,236,258,216,93,137,152,29
88,79,70,79,95,105,197,304,164,370,205,109,225,94,291,110,29
87,80,89,73,90,97,196,236,188,272,215,109,156,99,199,125,29
77,86,84,72,79,97,197,248,169,724,213,120,162,85,652,134,29
76,95,81,64,88,95,309,278,173,297,230,233,183,92,233,142,29
84,71,80,64,75,72,203,221,165,173,229,119,150,85,109,154,29
60,71,61,81,80,70,194,403,154,238,207,134,332,93,157,127,29
68,88,79,85,91,77,168,610,171,320,224,100,522,92,235,133,29
87,73,87,75,89,78,207,985,188,312,216,120,912,101,237,127,29
75,83,91,71,73,76,200,527,190,244,212,125,444,99,173,139,29
71,97,67,81,90,89,172,293,159,163,231,101,196,92,82,141,29
76,68,87,73,89,72,304,564,190,195,247,228,496,103,122,158,29
79,88,81,62,78,90,284,661,195,190,212,205,573,114,128,134,29
99,105,94,93,71,71,602,540,981,424,429,503,435,887,331,358,30
73,84,66,92,78,78,757,462,822,633,386,684,378,756,541,308,30
76,113,78,92,72,71,450,422,1741,540,330,374,309,1663,448,258,30
63,80,70,95,81,81,516,389,1335,509,370,453,309,1265,414,289,30
68,74,69,91,99,70,490,318,860,520,315,422,244,791,429,216,30
70,66,66,82,82,66,638,339,1311,453,328,568,273,1245,371,246,30
72,71,69,83,73,67,462,457,1221,520,412,390,386,1152,437,339,30
74,74,63,89,79,76,518,539,1078,480,333,444,465,1015,391,254,30
80,82,65,75,66,58,500,512,831,496,518,420,430,766,421,452,30
65,83,76,65,69,66,459,403,629,302,248,394,320,553,237,179,30
71,80,63,81,74,81,477,314,563,414,257,406,234,500,333,183,30
73,84,69,66,68,69,451,344,910,460,328,378,260,841,394,260,30
61,78,63,75,83,68,462,357,1268,454,303,401,279,1205,379,220,30
64,82,69,90,76,55,419,318,901,394,284,355,236,832,304,208,30
68,84,69,74,77,55,486,345,958,377,267,418,261,889,303,190,30
65,80,65,74,66,64,446,287,783,699,274,381,207,718,625,208,30
62,64,63,82,76,74,632,291,1074,386,259,570,227,1011,304,183,30
74,91,66,90,91,90,709,321,685,881,289,635,230,619,791,198,30
67,84,76,90,82,72,676,303,712,494,282,609,219,636,404,200,30
81,85,83,100,86,86,359,290,661,317,247,278,205,578,217,161,30
81,133,114,144,133,118,973,497,677,1554,483,892,364,563,1410,350,31
129,128,119,101,102,103,1274,468,351,739,263,1145,340,232,638,161,31
102,145,117,79,71,90,351,526,1404,234,247,249,381,1287,155,176,31
120,114,95,81,72,90,289,700,254,228,238,169,586,159,147,166,31
103,116,83,85,91,89,352,376,253,361,231,249,260,170,276,140,31
120,110,111,121,82,99,300,439,350,329,256,180,329,239,208,174,31
90,110,104,99,111,95,282,235,321,242,292,192,125,217,143,181,31
94,131,116,92,97,89,391,502,291,234,263,297,371,175,142,166,31
91,107,105,88,80,105,256,463,312,306,288,165,356,207,218,208,31
107,146,122,112,89,99,343,341,301,257,264,236,195,179,145,175,31
98,108,102,108,102,96,343,394,265,322,258,245,286,163,214,156,31
111,117,109,118,119,115,300,286,267,253,268,189,169,158,135,149,31
97,102,128,101,90,123,306,398,297,238,218,209,296,169,137,128,31
85,114,121,104,83,94,217,202,265,229,256,132,88,144,125,173,31
100,135,103,96,102,105,273,225,256,214,228,173,90,153,118,126,31
102,113,106,122,86,101,218,221,264,345,222,116,108,158,223,136,31
106,115,107,112,92,104,251,257,249,229,238,145,142,142,117,146,31
82,100,105,92,84,95,230,197,256,220,245,148,97,151,128,161,31
103,140,108,103,75,110,345,377,255,237,238,242,237,147,134,163,31
112,113,111,112,84,76,280,227,258,245,227,168,114,147,133,143,31
60,33,88,80,69,55,542,602,474,1387,262,482,569,386,1307,193,32
69,65,61,49,97,55,243,617,205,335,161,174,552,144,286,64,32
82,64,41,56,73,66,223,853,179,268,144,141,789,138,212,71,32
72,57,74,58,93,41,200,879,175,177,198,128,822,101,119,105,32
55,44,71,90,61,79,163,489,167,206,164,108,445,96,116,103,32
73,55,63,84,74,73,181,349,158,195,157,108,294,95,111,83,32
44,59,51,67,74,66,165,404,159,195,168,121,345,108,128,94,32
64,87,55,64,76,47,199,1308,184,197,140,135,1221,129,133,64,32
66,53,69,80,63,37,523,1323,171,198,179,457,1270,102,118,116,32
71,72,46,44,93,80,298,513,202,444,173,227,441,156,400,80,32
79,47,75,79,94,36,241,356,169,187,194,162,309,94,108,100,32
64,71,34,73,72,64,306,534,153,202,140,242,463,119,129,68,32
93,54,54,66,82,55,237,669,158,195,149,144,615,104,129,67,32
65,78,44,55,119,57,220,705,172,163,160,155,627,128,108,41,32
76,54,62,74,72,70,195,353,145,180,153,119,299,83,106,81,32
67,33,80,66,99,45,194,218,183,143,191,127,185,103,77,92,32
57,61,46,97,74,54,183,288,153,163,178,126,227,107,66,104,32
93,56,57,52,73,35,197,209,445,257,168,104,153,388,205,95,32
52,51,71,93,74,52,181,197,153,202,166,129,146,82,109,92,32
44,69,65,95,81,67,150,188,157,191,161,106,119,92,96,80,32
61,48,65,58,83,92,1259,683,1948,365,308,1198,635,1883,307,225,33
67,55,67,69,68,68,740,347,466,317,291,673,292,399,248,223,33
17,57,67,81,74,58,740,257,243,298,275,723,200,176,217,201,33
57,51,73,75,73,49,289,1082,1263,871,482,232,1031,1190,796,409,33
75,34,66,74,101,60,673,817,373,316,400,598,783,307,242,299,33
73,56,75,66,82,40,850,715,1173,715,651,777,659,1098,649,569,33
72,50,73,66,65,51,406,717,1721,766,324,334,667,1648,700,259,33
83,56,77,58,66,41,1281,481,992,389,367,1198,425,915,331,301,33
25,48,65,48,65,34,549,383,292,332,399,524,335,227,284,334,33
65,57,50,82,74,50,398,390,351,316,317,333,333,301,234,243,33
64,56,67,58,74,49,665,307,315,267,309,601,251,248,209,235,33
59,50,65,66,76,50,399,333,249,225,291,340,283,184,159,215,33
57,58,58,84,83,51,247,409,307,284,299,190,351,249,200,216,33
66,18,64,73,74,51,816,359,332,250,273,750,341,268,177,199,33
74,34,76,59,73,44,366,248,358,209,299,292,214,282,150,226,33
68,73,50,68,68,36,1043,1087,266,242,276,975,1014,216,174,208,33
74,49,67,69,67,49,499,592,448,291,252,425,543,381,222,185,33
49,65,73,74,58,34,290,974,232,291,317,241,909,159,217,259,33
75,64,55,75,57,66,749,2120,232,240,241,674,2056,177,165,184,33
67,42,75,41,50,49,324,690,307,365,408,257,648,232,324,358,33
106,93,87,85,77,56,497,978,926,377,286,391,885,839,292,209,34
53,76,34,58,70,64,363,624,485,359,372,310,548,451,301,302,34
58,42,35,51,83,81,308,735,393,677,257,250,693,358,626,174,34
86,80,63,77,76,73,288,862,383,776,346,202,782,320,699,270,34
61,62,49,65,60,63,253,642,411,288,258,192,580,362,223,198,34
59,28,72,85,67,88,693,404,481,267,266,634,376,409,182,199,34
34,63,71,76,35,55,198,418,438,557,225,164,355,367,481,190,34
53,69,25,53,71,56,293,376,558,320,265,240,307,533,267,194,34
79,83,73,49,68,64,397,452,1038,221,274,318,369,965,172,206,34
68,66,51,44,77,58,664,258,433,566,275,596,192,382,522,198,34
52,79,52,48,60,56,274,316,430,222,266,222,237,378,174,206,34
63,81,54,55,55,56,378,316,352,360,272,315,235,298,305,217,34
57,73,52,43,41,51,204,408,728,310,248,147,335,676,267,207,34
82,64,58,49,74,50,299,423,382,262,299,217,359,324,213,225,34
79,57,104,72,63,53,289,583,737,284,320,210,526,633,212,257,34
43,43,70,34,44,51,560,282,589,371,337,517,239,519,337,293,34
82,41,22,56,54,59,652,450,501,230,246,570,409,479,174,192,34
44,32,20,61,81,60,370,306,1039,277,257,326,274,1019,216,176,34
34,59,76,30,68,55,435,299,623,244,260,401,240,547,214,192,34
44,80,48,55,68,46,413,425,488,243,301,369,345,440,188,233,34
19,55,117,75,68,50,885,472,899,622,512,866,417,782,547,444,35
71,54,67,56,73,67,261,231,1166,474,313,190,177,1099,418,240,35
73,67,63,58,72,31,227,183,175,179,230,154,116,112,121,158,35
49,68,83,66,63,48,197,176,600,225,266,148,108,517,159,203,35
48,73,89,60,42,66,250,193,707,275,225,202,120,618,215,183,35
76,57,47,48,47,56,227,158,150,184,199,151,101,103,136,152,35
70,48,58,40,49,42,241,157,159,159,198,171,109,101,119,149,35
40,39,59,56,49,65,234,158,159,182,208,194,119,100,126,159,35
69,48,82,60,61,70,250,142,157,184,179,181,94,75,124,118,35
90,67,73,106,69,56,308,184,442,507,267,218,117,369,401,198,35
74,74,71,57,83,52,385,350,400,325,320,311,276,329,268,237,35
85,80,65,56,47,56,203,189,209,199,225,118,109,144,143,178,35
60,47,58,47,72,62,218,174,176,181,206,158,127,118,134,134,35
73,68,59,67,79,70,249,176,550,394,351,176,108,491,327,272,35
73,39,91,59,92,67,291,192,649,541,384,218,153,558,482,292,35
59,59,43,77,83,57,316,183,581,520,541,257,124,538,443,458,35
92,82,70,39,57,66,317,333,309,366,332,225,251,239,327,275,35
92,80,93,72,83,85,242,212,247,221,242,150,132,154,149,159,35
56,40,67,64,62,48,241,181,212,484,282,185,141,145,420,220,35
88,28,52,40,82,82,252,153,345,558,266,164,125,293,518,184,35
59,59,40,62,73,54,151,194,209,158,235,92,135,169,96,162,36
44,47,74,78,50,55,182,209,244,191,218,138,162,170,113,168,36
54,55,56,96,59,54,140,175,194,197,196,86,120,138,101,137,36
32,29,61,70,74,63,160,184,192,158,202,128,155,131,88,128,36
47,62,63,71,46,62,144,168,183,158,186,97,106,120,87,140,36
89,39,49,48,67,47,174,174,255,158,235,85,135,206,110,168,36
61,47,97,98,97,32,1069,729,874,404,456,1008,682,777,306,359,36
71,53,62,57,91,65,176,192,601,131,209,105,139,539,74,118,36
36,56,71,47,47,39,149,176,367,175,227,113,120,296,128,180,36
33,72,36,67,73,32,143,220,345,169,626,110,148,309,102,553,36
65,38,56,57,72,49,178,175,324,152,224,113,137,268,95,152,36
57,46,58,58,76,58,154,180,301,159,201,97,134,243,101,125,36
100,66,58,75,76,75,184,192,301,159,226,84,126,243,84,150,36
57,67,66,56,90,65,167,184,303,149,235,110,117,237,93,145,36
74,49,66,82,75,58,167,159,326,151,233,93,110,260,69,158,36
76,59,64,50,58,59,167,162,282,159,184,91,103,218,109,126,36
43,58,49,66,81,57,145,184,283,161,208,102,126,234,95,127,36
49,83,40,57,65,57,143,226,317,159,226,94,143,277,102,161,36
40,83,49,83,92,74,116,218,276,158,218,76,135,227,75,126,36
50,74,66,73,63,82,160,193,317,205,205,110,119,251,132,142,36
74,82,84,58,67,56,270,364,412,753,485,196,282,328,695,418,37
77,82,89,105,72,39,334,478,390,461,255,257,396,301,356,183,37
81,82,74,88,79,59,252,465,1190,572,315,171,383,1116,484,236,37
91,92,81,103,93,59,253,338,339,296,170,162,246,258,193,77,37
56,74,90,114,82,104,120,236,231,221,317,64,162,141,107,235,37
55,89,79,81,49,84,164,594,274,232,350,109,505,195,151,301,37
55,71,66,80,67,60,208,501,366,268,415,153,430,300,188,348,37
66,84,93,103,94,65,291,431,310,402,248,225,347,217,299,154,37
88,82,60,94,59,74,263,461,280,255,340,175,379,220,161,281,37
59,84,83,103,49,80,264,466,303,350,343,205,382,220,247,294,37
109,102,56,76,64,73,252,572,510,487,333,143,470,454,411,269,37
65,93,86,105,76,93,282,513,365,386,334,217,420,279,281,258,37
68,81,82,103,70,64,336,457,316,370,408,268,376,234,267,338,37
47,61,92,89,94,80,304,361,286,423,372,257,300,194,334,278,37
101,72,86,91,70,73,250,402,307,308,336,149,330,221,217,266,37
91,93,58,103,96,92,305,563,325,296,339,214,470,267,193,243,37
66,98,78,91,71,93,291,606,303,285,317,225,508,225,194,246,37
67,93,93,91,47,86,260,318,265,244,283,193,225,172,153,236,37
89,79,83,91,68,82,232,305,277,233,305,143,226,194,142,237,37
105,82,72,95,94,71,252,297,263,307,317,147,215,191,212,223,37
47,65,87,95,64,98,536,798,3302,240,235,489,733,3215,145,171,38
55,57,62,72,63,73,399,654,208,251,201,344,597,146,179,138,38
75,64,71,97,83,98,212,484,201,250,194,137,420,130,153,111,38
88,90,56,81,72,106,199,460,201,251,193,111,370,145,170,121,38
61,87,81,81,57,81,200,324,234,525,211,139,237,153,444,154,38
62,81,79,105,57,64,201,378,242,483,236,139,297,163,378,179,38
73,97,56,64,106,97,227,525,229,251,218,154,428,173,187,112,38
61,30,86,89,54,99,241,353,216,260,190,180,323,130,171,136,38
48,81,56,57,55,84,260,459,210,252,198,212,378,154,195,143,38
77,97,96,89,74,107,190,251,217,235,185,113,154,121,146,111,38
96,81,61,80,98,73,258,879,208,308,568,162,798,147,228,470,38
65,66,53,82,98,82,303,426,216,268,235,238,360,163,186,137,38
81,103,105,65,90,106,289,555,292,310,292,208,452,187,245,202,38
34,62,55,90,81,78,307,574,184,269,221,273,512,129,179,140,38
90,96,39,71,105,106,263,499,194,267,226,173,403,155,196,121,38
81,87,57,73,97,97,254,323,194,251,193,173,236,137,178,96,38
72,78,64,73,64,88,220,332,226,602,226,148,254,162,529,162,38
80,64,65,73,89,90,243,350,218,252,218,163,286,153,179,129,38
81,89,55,88,81,81,235,527,235,317,251,154,438,180,229,170,38
79,95,56,81,73,80,285,500,227,301,226,206,405,171,220,153,38
69,47,66,47,57,54,473,986,751,723,413,404,939,685,676,356,39
60,72,56,73,50,64,319,526,352,912,300,259,454,296,839,250,39
69,56,63,65,64,55,260,397,328,314,257,191,341,265,249,193,39
62,72,63,55,69,41,270,257,675,727,1025,208,185,612,672,956,39
59,54,64,53,65,72,456,369,819,498,378,397,315,755,445,313,39
59,64,70,72,73,65,357,331,296,314,230,298,267,226,242,157,39
57,72,50,55,57,48,183,1275,218,375,201,126,1203,168,320,144,39
60,64,56,54,64,98,236,206,217,615,123,176,142,161,561,59,39
65,71,65,72,64,74,182,245,209,206,181,117,174,144,134,117,39
57,72,55,65,64,80,198,339,189,224,165,141,267,134,159,101,39
64,72,55,70,71,65,290,849,207,247,205,226,777,152,177,134,39
72,72,65,64,63,63,190,221,225,273,207,118,149,160,209,144,39
39,64,56,65,67,72,198,206,197,207,190,159,142,141,142,123,39
51,74,56,65,73,52,399,263,206,216,178,348,189,150,151,105,39
77,89,64,63,55,64,219,157,199,206,206,142,68,135,143,151,39
56,80,65,65,57,74,232,173,214,224,197,176,93,149,159,140,39
59,80,72,56,72,48,203,223,214,264,208,144,143,142,208,136,39
50,63,55,65,63,64,168,181,205,217,188,118,118,150,152,125,39
68,80,56,57,46,30,178,190,215,206,224,110,110,159,149,178,39
76,80,55,63,64,56,211,206,215,198,206,135,126,160,135,142,39
60,92,54,94,90,88,723,454,413,311,463,663,362,359,217,373,40
78,95,90,94,82,59,690,395,448,338,517,612,300,358,244,435,40
83,86,83,70,83,60,665,387,627,320,482,582,301,544,250,399,40
84,91,93,97,84,58,581,358,389,346,468,497,267,296,249,384,40
89,71,91,60,72,74,731,289,1160,340,415,642,218,1069,280,343,40
113,111,77,76,73,81,573,361,682,329,477,460,250,605,253,404,40
99,87,92,101,82,82,659,337,494,327,476,560,250,402,226,394,40
109,82,83,76,82,59,479,342,694,302,421,370,260,611,226,339,40
69,92,106,99,106,81,558,311,425,309,487,489,219,319,210,381,40
106,74,83,94,64,82,578,316,551,447,400,472,242,468,353,336,40
57,99,75,69,66,89,477,325,849,320,419,420,226,774,251,353,40
97,86,84,67,74,75,845,319,400,321,449,748,233,316,254,375,40
89,83,90,84,81,78,466,310,509,320,454,377,227,419,236,373,40
75,99,78,92,98,109,538,364,330,292,468,463,265,252,200,370,40
87,109,83,100,71,84,557,360,328,362,454,470,251,245,262,383,40
87,92,84,110,92,71,490,325,292,342,542,403,233,208,232,450,40
97,100,84,99,82,59,518,290,311,325,483,421,190,227,226,401,40
83,109,89,90,80,77,615,302,281,327,448,532,193,192,237,368,40
66,101,93,109,84,71,536,301,334,334,465,470,200,241,225,381,40
69,78,91,107,75,69,493,322,326,307,423,424,244,235,200,348,40
75,82,98,81,65,98,1443,350,317,399,284,1368,268,219,318,219,41
82,82,81,81,64,65,317,284,300,400,266,235,202,219,319,202,41
81,46,47,66,66,65,235,349,249,416,251,154,303,202,350,185,41
64,64,77,94,80,88,99,1668,283,333,90,35,1604,206,239,10,41
79,87,45,78,63,81,90,543,283,334,80,11,456,238,256,17,41
78,145,79,62,112,94,200,550,250,350,167,122,405,171,288,55,41
94,43,64,78,112,79,285,264,250,217,183,191,221,186,139,71,41
95,62,63,62,95,78,216,267,217,233,133,121,205,154,171,38,41
95,78,63,62,95,81,183,284,216,250,114,88,206,153,188,19,41
78,95,79,63,96,80,166,300,217,233,115,88,205,138,170,19,41
78,94,78,63,63,95,167,300,250,350,99,89,206,172,287,36,41
78,78,46,61,95,95,266,317,217,216,117,188,239,171,155,22,41
95,95,66,45,93,45,333,563,236,554,148,238,468,170,509,55,41
79,78,63,95,78,80,200,334,216,267,98,121,256,153,172,20,41
95,46,79,78,95,81,316,267,234,200,114,221,221,155,122,19,41
112,79,79,62,79,97,266,284,250,216,98,154,205,171,154,19,41
78,95,64,78,78,78,149,367,233,234,133,71,272,169,156,55,41
95,78,79,62,97,104,216,617,267,299,108,121,539,188,237,11,41
129,78,64,79,81,70,234,333,216,250,92,105,255,152,171,11,41
95,95,95,79,145,96,199,300,250,334,165,104,205,155,255,20,41
53,59,70,60,45,78,189,268,197,354,193,136,209,127,294,148,42
76,62,43,45,52,69,144,213,135,261,188,68,151,92,216,136,42
79,60,59,53,49,60,138,214,169,272,194,59,154,110,219,145,42
70,61,61,60,61,60,145,187,179,329,237,75,126,118,269,176,42
60,68,61,77,69,68,129,221,160,213,204,69,153,99,136,135,42
68,62,63,70,69,86,136,187,163,303,196,68,125,100,233,127,42
78,69,59,53,61,67,179,221,210,313,222,101,152,151,260,161,42
61,68,70,59,70,67,172,295,196,485,240,111,227,126,426,170,42
59,54,60,69,59,57,126,180,146,222,221,67,126,86,153,162,42
67,52,50,61,61,60,153,205,168,220,222,86,153,118,159,161,42
68,53,69,69,61,71,161,213,237,279,269,93,160,168,210,208,42
69,62,60,60,68,60,145,213,203,230,227,76,151,143,170,159,42
61,61,72,52,52,85,153,220,204,221,213,92,159,132,169,161,42
70,60,61,68,70,75,138,194,222,244,248,68,134,161,176,178,42
73,62,69,84,52,78,153,214,305,262,193,80,152,236,178,141,42
69,70,70,53,52,52,178,211,229,305,212,109,141,159,252,160,42
74,59,51,52,42,69,193,230,210,289,225,119,171,159,237,183,42
77,70,87,78,60,78,203,221,195,262,211,126,151,108,184,151,42
67,68,69,59,43,71,295,260,188,271,185,228,192,119,212,142,42
61,59,62,68,68,71,498,208,165,579,227,437,149,103,511,159,42
132,64,115,69,80,72,209,257,289,939,199,77,193,174,870,119,43
65,97,105,72,55,56,184,300,184,384,167,119,203,79,312,112,43
87,87,86,69,64,79,184,251,744,656,166,97,164,658,587,102,43
58,63,88,61,71,55,144,261,186,363,158,86,198,98,302,87,43
73,59,97,65,69,82,165,253,216,261,156,92,194,119,196,87,43
80,113,79,64,81,98,183,435,156,267,159,103,322,77,203,78,43
80,56,97,90,85,69,216,561,258,346,183,136,505,161,256,98,43
70,82,100,88,71,81,140,314,237,400,157,70,232,137,312,86,43
71,81,102,72,87,70,139,496,146,730,451,68,415,44,658,364,43
94,85,122,70,61,69,227,288,226,511,216,133,203,104,441,155,43
74,99,83,57,89,72,201,282,396,283,259,127,183,313,226,170,43
72,95,105,62,72,77,252,267,967,316,211,180,172,862,254,139,43
74,104,109,58,72,85,229,287,446,358,196,155,183,337,300,124,43
106,95,86,46,56,88,411,544,551,262,209,305,449,465,216,153,43
91,114,96,54,76,74,211,283,443,220,252,120,169,347,166,176,43
72,70,103,55,91,47,226,227,238,257,261,154,157,135,202,170,43
80,77,124,63,76,70,171,246,578,243,432,91,169,454,180,356,43
90,98,105,73,96,63,202,234,315,261,174,112,136,210,188,78,43
65,97,118,71,77,92,151,347,207,293,151,86,250,89,222,74,43
80,107,95,89,90,81,157,396,222,283,160,77,289,127,194,70,43
63,68,85,76,52,68,712,583,1092,1358,191,649,515,1007,1282,139,44
85,18,69,85,27,69,407,467,359,183,133,322,449,290,98,106,44
68,45,52,78,69,87,239,252,249,142,149,171,207,197,64,80,44
85,69,69,102,69,78,508,225,300,175,116,423,156,231,73,47,44
77,53,70,68,69,77,274,167,693,182,125,197,114,623,114,56,44
69,70,78,103,53,69,266,166,359,375,142,197,96,281,272,89,44
44,68,68,93,44,86,333,183,227,182,100,289,115,159,89,56,44
53,80,85,95,53,86,239,178,116,275,141,186,98,31,180,88,44
77,78,86,70,28,86,240,184,141,242,159,163,106,55,172,131,44
63,78,77,86,53,70,208,217,149,217,142,145,139,72,131,89,44
62,95,78,95,70,95,215,209,133,242,125,153,114,55,147,55,44
52,65,94,78,69,95,236,179,133,576,407,184,114,39,498,338,44
68,43,53,95,60,70,282,184,82,260,107,214,141,29,165,47,44
53,69,78,79,53,69,208,158,149,218,125,155,89,71,139,72,44
58,69,63,95,62,86,279,250,125,225,125,221,181,62,130,63,44
51,52,94,112,86,86,290,149,142,317,150,239,97,48,205,64,44
76,70,86,64,76,86,215,209,139,238,131,139,139,53,174,55,44
52,78,69,70,78,78,366,208,141,559,142,314,130,72,489,64,44
51,62,69,53,69,81,198,175,133,193,88,147,113,64,140,19,44
68,69,70,119,53,62,208,241,142,242,141,140,172,72,123,88,44
71,94,59,66,110,85,409,692,886,147,266,338,598,827,81,156,45
79,88,77,73,105,87,1278,408,696,184,275,1199,320,619,111,170,45
76,106,90,104,103,104,304,312,363,353,401,228,206,273,249,298,45
102,111,82,89,112,111,434,353,387,350,375,332,242,305,261,263,45
100,93,55,83,95,113,416,397,383,360,397,316,304,328,277,302,45
86,96,90,92,113,95,374,397,337,355,389,288,301,247,263,276,45
92,98,90,88,96,94,397,382,339,374,374,305,284,249,286,278,45
89,89,88,99,87,88,382,383,322,393,340,293,294,234,294,253,45
79,103,92,66,74,82,385,381,345,374,357,306,278,253,308,283,45
90,106,71,88,86,93,150,351,380,143,336,60,245,309,55,250,45
68,82,65,72,110,82,166,291,367,123,365,98,209,302,51,255,45
87,73,70,89,80,93,180,491,514,226,258,93,418,444,137,178,45
93,95,73,71,77,92,151,371,418,228,258,58,276,345,157,181,45
81,69,88,68,62,82,268,321,923,341,535,187,252,835,273,473,45
99,87,62,81,97,96,244,317,322,214,300,145,230,260,133,203,45
95,83,75,76,93,75,178,331,380,170,297,83,248,305,94,204,45
86,72,81,91,100,94,202,299,349,164,297,116,227,268,73,197,45
61,94,71,114,81,90,175,313,340,645,238,114,219,269,531,157,45
73,90,66,89,91,107,338,359,423,283,235,265,269,357,194,144,45
71,90,73,86,84,72,137,350,485,349,212,66,260,412,263,128,45
63,80,59,90,81,63,200,239,252,310,284,137,159,193,220,203,46
88,77,89,73,73,80,235,332,332,885,200,147,255,243,812,127,46
56,66,76,81,73,74,181,249,228,266,217,125,183,152,185,144,46
74,81,80,64,78,79,217,318,233,228,240,143,237,153,164,162,46
65,64,64,83,80,79,236,668,273,176,252,171,604,209,93,172,46
113,56,73,80,72,82,250,559,410,241,241,137,503,337,161,169,46
72,71,73,56,73,82,226,316,450,216,217,154,245,377,160,144,46
65,64,72,67,89,88,175,184,216,226,217,110,120,144,159,128,46
73,91,106,64,92,73,217,358,261,255,236,144,267,155,191,144,46
67,74,65,64,81,108,283,293,226,284,265,216,219,161,220,184,46
64,74,82,72,81,81,216,316,235,242,292,152,242,153,170,211,46
81,63,72,66,99,88,226,241,249,217,270,145,178,177,151,171,46
64,82,80,79,90,64,190,277,209,216,251,126,195,129,137,161,46
75,83,86,56,82,74,209,244,241,214,252,134,161,155,158,170,46
83,74,93,53,81,98,217,241,236,216,258,134,167,143,163,177,46
65,64,63,74,57,81,193,217,241,249,244,128,153,178,175,187,46
65,53,56,72,65,71,468,324,234,257,237,403,271,178,185,172,46
83,73,89,82,94,79,233,276,273,291,262,150,203,184,209,168,46
74,81,91,81,83,82,242,250,301,325,242,168,169,210,244,159,46
80,79,72,63,81,90,175,191,419,206,300,95,112,347,143,219,46
54,94,83,91,58,64,680,543,365,337,454,626,449,282,246,396,47
62,90,74,100,53,91,475,527,503,821,548,413,437,429,721,495,47
88,99,65,90,73,91,543,549,519,428,527,455,450,454,338,454,47
68,82,116,82,117,100,440,411,354,506,480,372,329,238,424,363,47
74,86,62,65,90,91,751,675,432,474,403,677,589,370,409,313,47
69,89,81,80,99,116,560,505,655,651,370,491,416,574,571,271,47
55,100,100,117,96,74,442,486,546,781,527,387,386,446,664,431,47
46,98,124,72,99,91,877,352,254,454,178,831,254,130,382,79,47
55,90,125,93,69,90,351,535,735,830,149,296,445,610,737,80,47
36,107,99,82,99,109,602,391,345,478,186,566,284,246,396,87,47
44,74,116,91,116,109,365,386,278,378,187,321,312,162,287,71,47
71,91,107,82,112,75,559,486,587,830,167,488,395,480,748,55,47
62,82,98,82,117,72,341,419,262,361,160,279,337,164,279,43,47
55,72,45,65,100,74,788,896,474,519,388,733,824,429,454,288,47
59,82,99,65,117,83,464,461,528,470,195,405,379,429,405,78,47
49,88,116,99,99,107,707,484,346,420,279,658,396,230,321,180,47
59,82,99,91,99,82,456,503,427,453,270,397,421,328,362,171,47
74,82,107,117,110,63,421,387,344,470,253,347,305,237,353,143,47
61,65,91,99,100,65,416,419,379,461,229,355,354,288,362,129,47
56,82,133,100,134,73,395,295,328,403,237,339,213,195,303,103,47
101,123,81,131,109,74,586,358,425,300,216,485,235,344,169,107,48
80,106,90,113,90,99,317,166,243,216,174,237,60,153,103,84,48
86,105,82,88,75,89,297,198,168,217,182,211,93,86,129,107,48
64,111,82,80,91,89,712,171,234,174,192,648,60,152,94,101,48
79,100,81,91,104,80,264,142,174,219,200,185,42,93,128,96,48
89,106,82,82,88,91,293,148,191,193,173,204,42,109,111,85,48
89,88,67,82,82,71,900,182,216,191,193,811,94,149,109,111,48
90,79,82,89,89,80,417,157,284,208,191,327,78,202,119,102,48
81,106,66,91,97,97,359,273,167,184,191,278,167,101,93,94,48
98,95,82,105,98,81,2026,182,183,165,185,1928,87,101,60,87,48
114,106,83,91,102,73,407,157,192,184,200,293,51,109,93,98,48
81,82,64,86,106,73,416,133,245,205,208,335,51,181,119,102,48
80,90,64,81,105,81,483,167,224,185,182,403,77,160,104,77,48
94,97,88,81,91,64,472,125,224,174,202,378,28,136,93,111,48
105,123,72,90,80,71,540,159,190,235,192,435,36,118,145,112,48
115,97,73,100,97,82,543,157,158,218,190,428,60,85,118,93,48
105,89,74,63,71,90,450,175,142,233,165,345,86,68,170,94,48
98,106,65,98,82,89,408,150,157,184,176,310,44,92,86,94,48
90,106,82,98,80,91,433,149,201,234,165,343,43,119,136,85,48
105,92,46,91,63,106,597,195,164,5058,148,492,103,118,4967,85,48
34,80,79,61,39,14,1077,599,1065,555,415,1043,519,986,494,376,49
88,80,96,72,54,63,1289,366,1156,575,281,1201,286,1060,503,227,49
81,73,97,96,71,62,357,658,275,407,217,276,585,178,311,146,49
72,81,79,88,64,63,234,308,216,356,208,162,227,137,268,144,49
71,87,70,96,81,54,300,383,223,308,225,229,296,153,212,144,49
64,55,79,71,63,70,482,292,250,308,217,418,237,171,237,154,49
56,94,88,79,80,62,253,264,242,290,234,197,170,154,211,154,49
80,90,96,97,67,73,266,300,258,345,244,186,210,162,248,177,49
89,97,82,72,86,80,275,274,259,301,231,186,177,177,229,145,49
80,95,88,94,95,61,243,248,260,291,243,163,153,172,197,148,49
72,86,96,115,84,70,259,240,243,311,245,187,154,147,196,161,49
81,87,108,104,77,53,241,239,278,283,232,160,152,170,179,155,49
73,94,103,96,70,63,1068,259,280,509,273,995,165,177,413,203,49
88,78,87,87,72,61,809,248,250,340,218,721,170,163,253,146,49
77,94,94,87,67,73,250,241,257,310,224,173,147,163,223,157,49
77,71,97,82,72,65,298,298,530,1074,208,221,227,433,992,136,49
87,87,93,95,87,81,499,252,256,315,224,412,165,163,220,137,49
63,88,80,89,71,64,257,250,249,291,241,194,162,169,202,170,49
79,79,95,88,80,87,241,258,249,283,233,162,179,154,195,153,49
78,86,88,95,78,70,241,257,234,291,233,163,171,146,196,155,49
89,111,97,104,70,81,727,1019,535,1213,399,638,908,438,1109,329,50
101,66,74,80,50,80,443,657,1474,1968,678,342,591,1400,1888,628,50
96,90,98,86,86,89,696,624,647,758,470,600,534,549,672,384,50
103,51,106,82,86,67,421,350,363,396,387,318,299,257,314,301,50
74,46,91,60,58,74,411,430,334,467,303,337,384,243,407,245,50
88,84,106,85,79,58,324,349,273,522,337,236,265,167,437,258,50
86,66,93,104,84,72,483,295,618,365,437,397,229,525,261,353,50
76,89,92,70,74,72,348,371,405,319,337,272,282,313,249,263,50
74,60,93,74,93,70,671,269,572,284,324,597,209,479,210,231,50
91,74,89,67,63,76,282,292,244,401,290,191,218,155,334,227,50
98,87,77,59,78,74,316,626,567,339,381,218,539,490,280,303,50
87,95,106,102,77,69,403,301,306,342,328,316,206,200,240,251,50
88,78,80,102,79,57,311,332,751,374,314,223,254,671,272,235,50
112,75,90,77,64,68,353,359,559,402,275,241,284,469,325,211,50
92,83,86,68,74,69,377,376,510,408,318,285,293,424,340,244,50
92,60,77,88,84,81,368,313,328,324,303,276,253,251,236,219,50
70,72,75,113,59,67,469,325,511,313,351,399,253,436,200,292,50
114,78,81,78,67,69,330,321,576,324,310,216,243,495,246,243,50
83,89,80,83,57,67,370,480,268,466,285,287,391,188,383,228,50
80,70,82,91,66,72,382,316,1028,616,310,302,246,946,525,244,50
96,112,79,100,81,63,165,350,431,517,751,69,238,352,417,670,51
65,81,65,97,49,66,450,334,333,315,334,385,253,268,218,285,51
65,65,45,80,65,80,385,502,399,298,401,320,437,354,218,336,51
46,99,79,81,65,79,347,270,331,300,319,301,171,252,219,254,51
63,81,98,114,82,82,498,316,317,298,333,435,235,219,184,251,51
65,81,65,80,63,61,300,301,518,283,1002,235,220,453,203,939,51
62,96,65,80,63,48,700,332,434,367,531,638,236,369,287,468,51
64,79,81,65,78,79,501,1016,548,321,398,437,937,467,256,320,51
50,65,30,78,64,46,417,669,450,265,418,367,604,420,187,354,51
79,63,63,46,62,64,381,351,767,400,332,302,288,704,354,270,51
63,80,80,63,65,46,383,316,400,349,335,320,236,320,286,270,51
80,81,81,63,64,48,1198,334,435,315,383,1118,253,354,252,319,51
47,82,81,80,80,63,415,351,334,234,399,368,269,253,154,319,51
46,65,81,66,81,63,348,267,315,201,319,302,202,234,135,238,51
64,81,47,47,33,47,766,683,400,249,402,702,602,353,202,369,51
47,79,80,99,48,65,499,466,349,250,300,452,387,269,151,252,51
80,64,81,48,64,65,316,249,350,234,282,236,185,269,186,218,51
61,46,65,97,49,64,348,264,336,248,284,287,218,271,151,235,51
78,81,63,78,63,64,230,268,318,248,283,152,187,255,170,220,51
78,96,80,65,47,62,366,265,282,218,318,288,169,202,153,271,51
12,34,71,71,85,64,531,247,1574,148,148,519,213,1503,77,63,52
97,70,61,78,83,70,565,247,249,177,168,468,177,188,99,85,52
93,75,53,73,50,39,265,205,243,366,168,172,130,190,293,118,52
71,71,69,60,76,73,672,545,296,195,177,601,474,227,135,101,52
72,20,82,50,83,73,290,147,596,392,160,218,127,514,342,77,52
71,72,83,69,81,72,329,212,430,167,467,258,140,347,98,386,52
90,94,57,46,83,50,797,1003,223,175,175,707,909,166,129,92,52
56,48,50,48,83,61,325,266,1764,146,150,269,218,1714,98,67,52
72,71,73,74,79,66,256,200,186,315,240,184,129,113,241,161,52
49,73,61,92,67,91,275,213,277,728,166,226,140,216,636,99,52
69,64,81,95,82,72,260,229,271,367,243,191,165,190,272,161,52
82,72,83,72,83,90,277,266,291,276,181,195,194,208,204,98,52
92,78,92,46,88,58,279,253,567,217,207,187,175,475,171,119,52
67,75,62,83,68,78,250,257,255,250,234,183,182,193,167,166,52
69,72,70,67,86,63,263,257,259,215,208,194,185,189,148,122,52
59,80,68,61,61,59,235,253,223,224,203,176,173,155,163,142,52
78,59,75,72,70,68,275,250,237,258,203,197,191,162,186,133,52
49,64,63,60,71,70,310,331,373,223,245,261,267,310,163,174,52
71,69,59,51,61,71,291,628,462,224,181,220,559,403,173,120,52
84,72,65,44,45,71,298,286,476,267,176,214,214,411,223,131,52
69,48,51,72,174,92,1072,213,184740,82,246,1003,165,184689,10,72,53
82,66,51,109,70,74,133,178,817,269,138,51,112,766,160,68,53
131,106,40,90,112,97,281,217,226,146,211,150,111,186,56,99,53
113,71,54,76,84,66,176,182,220,102,166,63,111,166,26,82,53
99,91,67,55,91,69,428,225,277,285,209,329,134,210,230,118,53
88,89,63,95,79,82,223,193,249,126,188,135,104,186,31,109,53
91,83,76,75,65,80,173,175,219,100,150,82,92,143,25,85,53
90,90,82,69,106,64,140,201,380,131,191,50,111,298,62,85,53
106,83,81,80,90,62,173,168,1045,147,137,67,85,964,67,47,53
97,95,58,43,100,76,135,228,347,79,182,38,133,289,36,82,53
151,108,55,33,74,71,251,595,390,216,202,100,487,335,183,128,53
98,89,64,97,82,74,252,199,301,165,234,154,110,237,68,152,53
73,106,28,84,89,84,326,268,248,175,226,253,162,220,91,137,53
54,76,76,83,82,48,289,330,377,209,301,235,254,301,126,219,53
96,98,28,56,68,39,250,366,368,179,229,154,268,340,123,161,53
67,98,73,107,73,55,285,209,319,183,167,218,111,246,76,94,53
80,91,66,74,74,74,173,198,410,116,125,93,107,344,42,51,53
86,93,67,73,65,56,278,178,542,282,100,192,85,475,209,35,53
66,81,66,97,80,59,261,148,628,118,154,195,67,562,21,74,53
97,67,66,66,42,39,232,141,284,107,138,135,74,218,41,96,53
73,91,101,87,71,64,271,1754,369,752,252,198,1663,268,665,181,54
87,97,98,79,66,64,217,262,356,278,292,130,165,258,199,226,54
70,81,87,62,71,44,747,409,254,199,519,677,328,167,137,448,54
88,91,97,119,90,70,169,448,279,218,201,81,357,182,99,111,54
99,118,80,72,63,91,136,237,264,254,236,37,119,184,182,173,54
81,90,89,88,100,95,163,201,220,105,186,82,111,131,17,86,54
97,89,90,107,82,82,145,163,182,126,138,48,74,92,19,56,54
79,99,61,72,81,101,254,209,218,99,117,175,110,157,27,36,54
78,101,75,63,90,91,150,180,200,83,109,72,79,125,20,19,54
88,81,73,72,99,81,116,256,180,99,137,28,175,107,27,38,54
89,99,72,79,91,71,135,172,174,99,129,46,73,102,20,38,54
70,78,72,72,99,67,820,216,199,100,135,750,138,127,28,36,54
71,100,62,69,91,72,108,174,183,98,127,37,74,121,29,36,54
81,99,79,82,99,73,164,164,254,163,164,83,65,175,81,65,54
79,92,65,72,101,55,113,146,166,106,128,34,54,101,34,27,54
72,99,57,62,101,99,146,153,194,107,137,74,54,137,45,36,54
87,91,90,88,92,63,114,165,191,107,110,27,74,101,19,18,54
79,88,70,53,90,74,792,217,190,81,117,713,129,120,28,27,54
70,90,64,80,82,74,162,153,184,98,136,92,63,120,18,54,54
73,92,64,88,74,73,273,164,193,134,127,200,72,129,46,53,54
59,55,51,83,64,50,454,1020,1485,267,214,395,965,1434,184,150,55
69,67,39,64,69,50,269,161,862,244,267,200,94,823,180,198,55
96,77,35,82,67,49,439,308,620,316,231,343,231,585,234,164,55
61,93,62,92,77,76,168,198,569,216,200,107,105,507,124,123,55
77,65,77,65,67,78,114,152,415,197,203,37,87,338,132,136,55
94,78,67,82,79,62,134,543,454,201,186,40,465,387,119,107,55
87,96,63,62,67,39,158,267,803,195,195,71,171,740,133,128,55
55,34,72,68,55,60,139,146,370,262,196,84,112,298,194,141,55
55,75,40,66,50,59,112,202,391,148,125,57,127,351,82,75,55
52,46,53,77,76,62,155,144,358,167,131,103,98,305,90,55,55
79,80,63,63,81,62,150,333,534,133,151,71,253,471,70,70,55
65,51,35,63,61,79,149,284,419,153,116,84,233,384,90,55,55
63,71,33,61,55,50,140,691,536,122,139,77,620,503,61,84,55
51,63,70,52,55,50,153,194,471,178,120,102,131,401,126,65,55
47,66,51,66,49,63,114,182,470,149,89,67,116,419,83,40,55
80,74,56,64,58,58,157,185,442,139,134,77,111,386,75,76,55
67,59,49,79,63,71,108,193,369,136,124,41,134,320,57,61,55
56,72,49,82,36,65,186,205,435,161,139,130,133,386,79,103,55
79,77,54,52,64,18,171,188,490,106,175,92,111,436,54,111,55
51,46,55,49,55,49,137,193,388,229,154,86,147,333,180,99,55
50,71,30,45,39,70,169,824,353,1049,218,119,753,323,1004,179,56
79,73,32,81,46,97,174,1809,147,1119,273,95,1736,115,1038,227,56
95,58,53,70,54,94,207,854,198,676,174,112,796,145,606,120,56
80,73,27,96,62,78,158,811,114,469,164,78,738,87,373,102,56
81,66,47,79,59,91,143,307,209,375,186,62,241,162,296,127,56
79,58,48,88,58,88,172,788,165,599,169,93,730,117,511,111,56
105,58,50,90,49,89,156,659,152,414,160,51,601,102,324,111,56
72,57,14,61,23,82,147,1648,183,886,110,75,1591,169,825,87,56
79,56,48,90,65,89,150,2333,157,1369,152,71,2277,109,1279,87,56
88,65,40,82,46,56,175,959,157,486,165,87,894,117,404,119,56
65,64,49,87,55,98,193,598,160,467,140,128,534,111,380,85,56
63,46,46,105,50,88,176,502,146,451,167,113,456,100,346,117,56
76,75,13,80,62,92,831,716,184,282,204,755,641,171,202,142,56
162,81,46,89,47,100,257,535,390,359,239,95,454,344,270,192,56
80,55,50,99,48,106,274,284,232,336,248,194,229,182,237,200,56
96,71,41,114,56,92,307,324,226,316,257,211,253,185,202,201,56
96,68,56,106,55,97,585,433,325,443,239,489,365,269,337,184,56
75,64,48,89,60,86,503,1013,254,411,242,428,949,206,322,182,56
85,38,60,93,65,90,297,771,314,306,275,212,733,254,213,210,56
70,47,56,93,56,86,265,1044,208,365,235,195,997,152,272,179,56
93,123,109,109,99,100,287,1664,548,379,352,194,1541,439,270,253,57
124,120,121,89,100,90,356,389,445,421,340,232,269,324,332,240,57
130,125,111,111,99,95,327,581,537,279,313,197,456,426,168,214,57
109,104,109,111,110,76,310,473,374,295,312,201,369,265,184,202,57
122,122,130,113,80,98,310,517,390,310,294,188,395,260,197,214,57
108,106,151,101,71,89,349,546,855,321,340,241,440,704,220,269,57
111,111,99,99,122,112,309,529,412,256,236,198,418,313,157,114,57
91,102,141,105,125,89,289,402,360,250,277,198,300,219,145,152,57
104,111,123,123,89,103,343,492,373,330,299,239,381,250,207,210,57
111,105,120,121,118,103,300,393,362,269,296,189,288,242,148,178,57
82,121,111,111,102,113,291,402,333,276,287,209,281,222,165,185,57
108,114,99,111,105,100,338,629,330,283,315,230,515,231,172,210,57
107,80,109,88,105,90,306,465,815,289,361,199,385,706,201,256,57
111,92,142,121,108,81,330,558,661,269,277,219,466,519,148,169,57
122,95,98,106,108,102,295,532,412,281,297,173,437,314,175,189,57
89,105,120,105,121,78,339,290,370,250,310,250,185,250,145,189,57
108,110,112,80,90,81,277,266,360,240,286,169,156,248,160,196,57
110,120,109,103,92,112,290,391,316,260,278,180,271,207,157,186,57
106,112,111,99,78,81,278,269,352,258,235,172,157,241,159,157,57
102,89,111,91,91,80,291,288,330,257,319,189,199,219,166,228,57
86,89,75,69,80,77,268,789,5711,804,477,182,700,5636,735,397,58
68,71,52,72,82,71,486,518,1015,301,613,418,447,963,229,531,58
88,68,61,76,78,53,451,542,686,328,300,363,474,625,252,222,58
88,75,72,87,88,73,327,228,536,334,268,239,153,464,247,180,58
68,64,57,94,73,55,315,192,577,329,254,247,128,520,235,181,58
77,69,57,79,73,59,433,176,464,241,318,356,107,407,162,245,58
95,77,68,77,83,65,464,218,484,274,279,369,141,416,197,196,58
84,59,75,93,86,63,311,245,477,270,307,227,186,402,177,221,58
81,72,60,96,82,66,288,264,470,266,369,207,192,410,170,287,58
86,55,67,75,85,66,571,203,453,277,297,485,148,386,202,212,58
89,67,64,89,74,63,326,237,497,283,306,237,170,433,194,232,58
69,83,65,77,70,66,273,219,542,259,223,204,136,477,182,153,58
71,83,64,66,81,65,250,241,441,228,270,179,158,377,162,189,58
57,61,51,83,84,73,317,304,395,236,255,260,243,344,153,171,58
79,69,69,84,69,65,288,210,440,250,282,209,141,371,166,213,58
70,93,59,73,67,67,264,205,463,224,186,194,112,404,151,119,58
71,57,67,79,84,58,266,185,473,222,230,195,128,406,143,146,58
68,66,67,83,71,72,246,204,360,255,270,178,138,293,172,199,58
71,65,66,74,84,51,300,201,353,218,222,229,136,287,144,138,58
65,65,67,68,67,58,239,161,202,186,102,174,96,135,118,35,58
8,98,98,110,81,86,329,403,425,375,278,321,305,327,265,197,59
89,62,137,127,59,74,1150,330,1095,383,246,1061,268,958,256,187,59
76,78,98,88,97,88,461,399,418,337,264,385,321,320,249,167,59
100,50,962,3,70,59,966,383,967,1019,290,866,333,5,1016,220,59
166,84,106,130,73,39,303,445,513,692,248,137,361,407,562,175,59
99,69,79,61,59,46,243,323,437,285,247,144,254,358,224,188,59
107,107,110,122,99,93,206,289,300,307,228,99,182,190,185,129,59
109,112,90,96,77,68,189,284,239,288,234,80,172,149,192,157,59
79,62,79,75,46,49,216,375,295,263,224,137,313,216,188,178,59
101,84,68,80,58,55,229,290,233,290,249,128,206,165,210,191,59
109,53,97,81,62,39,636,294,297,261,262,527,241,200,180,200,59
130,44,115,111,43,80,249,279,357,294,203,119,235,242,183,160,59
98,109,87,104,60,80,612,304,225,287,235,514,195,138,183,175,59
141,101,92,130,123,66,215,1857,298,291,533,74,1756,206,161,410,59
91,118,88,118,130,88,225,411,313,287,271,134,293,225,169,141,59
80,86,111,105,85,93,183,264,297,287,271,103,178,186,182,186,59
91,102,112,98,86,86,189,277,254,281,270,98,175,142,183,184,59
132,93,78,95,44,81,238,307,261,299,212,106,214,183,204,168,59
106,102,99,97,77,64,206,270,235,291,243,100,168,136,194,166,59
94,137,115,105,50,67,207,315,253,295,235,113,178,138,190,185,59
138,120,135,112,133,81,1944,2106,654,415,525,1806,1986,519,303,392,60
89,105,115,89,89,89,1610,574,717,633,534,1521,469,602,544,445,60
81,97,106,88,99,95,584,1434,1151,474,394,503,1337,1045,386,295,60
71,63,116,106,87,65,674,2419,575,576,441,603,2356,459,470,354,60
89,49,84,58,95,121,575,2276,1525,596,347,486,2227,1441,538,252,60
98,108,85,81,115,93,614,583,387,368,328,516,475,302,287,213,60
73,113,96,87,87,89,359,477,339,309,367,286,364,243,222,280,60
73,74,108,82,74,98,642,383,317,283,301,569,309,209,201,227,60
89,81,105,124,89,106,434,392,307,343,383,345,311,202,219,294,60
82,82,102,113,115,96,724,397,331,306,352,642,315,229,193,237,60
63,70,106,98,98,98,1826,365,300,300,318,1763,295,194,202,220,60
58,56,89,115,132,105,484,342,275,292,325,426,286,186,177,193,60
100,73,80,124,130,81,600,594,240,301,358,500,521,160,177,228,60
113,70,79,88,138,115,476,1108,258,200,283,363,1038,179,112,145,60
62,90,97,79,105,63,365,476,309,266,367,303,386,212,187,262,60
63,54,79,72,121,79,875,367,266,233,376,812,313,187,161,255,60
81,63,80,84,82,78,566,384,272,278,403,485,321,192,194,321,60
73,61,81,79,80,63,425,367,308,292,367,352,306,227,213,287,60
82,54,72,88,115,88,470,482,276,307,384,388,428,204,219,269,60
91,97,102,73,85,84,367,359,333,271,396,276,262,231,198,311,60
90,86,88,88,89,119,2698,1377,831,510,438,2608,1291,743,422,349,61
108,96,93,84,79,85,1024,1498,686,468,444,916,1402,593,384,365,61
112,102,117,88,79,87,1398,728,838,587,582,1286,626,721,499,503,61
98,85,104,95,83,94,1102,599,1140,502,530,1004,514,1036,407,447,61
107,115,103,79,76,84,987,1224,625,382,426,880,1109,522,303,350,61
121,103,99,82,93,98,1107,903,703,481,407,986,800,604,399,314,61
90,93,78,73,86,84,541,406,486,341,358,451,313,408,268,272,61
82,69,84,86,87,79,455,2200,514,328,365,373,2131,430,242,278,61
94,93,90,75,86,82,619,1089,482,640,319,525,996,392,565,233,61
82,89,75,68,76,78,1074,360,454,314,346,992,271,379,246,270,61
64,87,82,79,77,71,521,863,770,370,324,457,776,688,291,247,61
70,89,68,82,78,86,495,851,442,344,320,425,762,374,262,242,61
81,74,84,69,81,82,852,512,516,374,347,771,438,432,305,266,61
75,78,83,73,73,89,717,315,338,348,309,642,237,255,275,236,61
78,73,80,74,81,71,428,824,364,281,303,350,751,284,207,222,61
75,87,83,78,79,89,399,512,349,313,370,324,425,266,235,291,61
74,79,79,75,70,86,624,425,605,292,312,550,346,526,217,242,61
78,91,90,65,86,96,1142,637,469,637,521,1064,546,379,572,435,61
79,43,73,81,73,96,1223,593,464,369,462,1144,550,391,288,389,61
82,79,80,73,88,212,503,402,466,357,394,421,323,386,284,306,61
31,96,96,61,59,65,284,285,251,250,163,253,189,155,189,104,62
111,97,78,62,73,60,249,216,283,255,182,138,119,205,193,109,62
76,77,76,100,81,78,230,619,129,316,169,154,542,53,216,88,62
92,96,105,63,95,82,229,273,308,302,182,137,177,203,239,87,62
94,76,91,78,75,77,233,202,413,553,182,139,126,322,475,107,62
92,79,114,63,79,65,196,149,251,401,183,104,70,137,338,104,62
80,95,95,93,76,81,184,268,850,267,164,104,173,755,174,88,62
76,96,79,41,79,61,198,167,223,944,184,122,71,144,903,105,62
77,79,96,63,95,63,198,234,201,250,201,121,155,105,187,106,62
77,96,80,62,78,93,197,166,268,283,203,120,70,188,221,125,62
97,99,96,59,79,96,198,151,305,263,200,101,52,209,204,121,62
93,97,99,73,96,78,229,166,275,310,201,136,69,176,237,105,62
94,78,99,78,80,97,217,113,270,248,201,123,35,171,170,121,62
95,79,78,76,93,77,217,150,1369,600,184,122,71,1291,524,91,62
78,62,96,80,96,95,217,150,200,282,184,139,88,104,202,88,62
94,78,113,61,97,81,249,98,502,632,166,155,20,389,571,69,62
95,111,97,77,95,82,199,130,221,249,198,104,19,124,172,103,62
96,111,109,96,96,77,201,118,297,300,186,105,7,188,204,90,62
95,80,95,95,94,98,217,100,366,252,182,122,20,271,157,88,62
77,88,115,79,80,81,204,123,236,300,167,127,35,121,221,87,62
66,54,68,69,44,53,381,1510,232,2109,374,315,1456,164,2040,330,63
61,62,52,60,53,65,358,816,359,1650,541,297,754,307,1590,488,63
78,52,52,53,44,63,409,341,408,309,241,331,289,356,256,197,63
80,44,51,53,53,53,344,242,308,258,250,264,198,257,205,197,63
52,52,44,45,53,53,307,184,207,226,250,255,132,163,181,197,63
78,43,60,60,44,64,285,290,508,284,250,207,247,448,224,206,63
37,37,52,64,46,45,333,234,450,366,334,296,197,398,302,288,63
44,77,61,63,61,45,466,208,208,234,216,422,131,147,171,155,63
69,45,63,53,53,46,358,208,200,184,190,289,163,137,131,137,63
69,53,61,52,52,36,275,209,216,200,166,206,156,155,148,114,63
53,60,63,44,52,36,208,324,275,209,175,155,264,212,165,123,63
85,45,54,74,52,53,624,183,176,192,166,539,138,122,118,114,63
79,36,61,53,53,54,309,200,191,209,174,230,164,130,156,121,63
77,51,52,45,45,44,325,166,174,201,175,248,115,122,156,130,63
69,45,53,78,63,64,291,166,167,217,642,222,121,114,139,579,63
86,35,52,54,51,44,284,149,174,193,266,198,114,122,139,215,63
70,37,44,61,51,28,233,167,175,201,166,163,130,131,140,115,63
78,36,54,45,44,37,242,157,184,184,166,164,121,130,139,122,63
65,10,52,54,37,45,266,326,399,267,200,201,316,347,213,163,63
70,52,44,63,52,37,341,183,175,225,183,271,131,131,162,131,63
67,73,53,77,81,72,452,406,1170,121,193,385,333,1117,44,112,64
76,72,32,79,64,39,530,208,519,125,201,454,136,487,46,137,64
66,97,30,73,64,64,161,127,125,110,176,95,30,95,37,112,64
53,81,38,65,48,62,106,109,507,126,161,53,28,469,61,113,64
59,79,38,72,56,46,122,114,193,106,177,63,35,155,34,121,64
47,80,55,81,56,56,641,134,268,91,176,594,54,213,10,120,64
39,81,55,73,72,56,109,127,192,109,168,70,46,137,36,96,64
37,82,55,81,56,48,141,285,159,218,176,104,203,104,137,120,64
38,73,65,80,55,46,92,143,260,126,177,54,70,195,46,122,64
47,73,56,90,39,40,101,107,201,193,176,54,34,145,103,137,64
40,90,64,80,64,56,93,118,160,159,176,53,28,96,79,112,64
48,80,64,75,80,47,93,118,159,168,226,45,38,95,93,146,64
52,81,29,81,64,73,139,110,225,118,176,87,29,196,37,112,64
46,73,72,89,65,81,109,135,184,218,168,63,62,112,129,103,64
47,89,46,84,39,46,101,127,930,246,184,54,38,884,162,145,64
13,81,40,89,65,72,74,1424,494,150,177,61,1343,454,61,112,64
56,97,72,106,64,56,143,575,243,176,176,87,478,171,70,112,64
32,72,31,63,54,64,453,217,352,101,159,421,145,321,38,105,64
63,73,56,64,64,55,117,151,343,90,169,54,78,287,26,105,64
32,73,55,76,45,65,110,100,1871,79,158,78,27,1816,3,113,64
8,74,56,88,77,96,144,263,1951,426,405,136,189,1895,338,328,65
69,99,69,79,133,64,239,700,232,273,351,170,601,163,194,218,65
58,74,38,85,62,47,285,316,329,1597,281,227,242,291,1512,219,65
72,78,80,107,106,74,393,331,223,517,305,321,253,143,410,199,65
63,98,70,83,62,64,233,559,255,670,234,170,461,185,587,172,65
55,82,102,84,86,71,303,280,229,564,206,248,198,127,480,120,65
60,87,93,64,89,80,239,262,294,267,175,179,175,201,203,86,65
86,91,84,81,107,89,207,281,346,465,366,121,190,262,384,259,65
55,83,72,82,73,90,205,247,237,392,224,150,164,165,310,151,65
52,77,91,72,78,81,202,287,293,285,172,150,210,202,213,94,65
91,98,81,87,67,100,219,325,326,290,115,128,227,245,203,48,65
79,90,75,94,90,73,223,268,265,276,167,144,178,190,182,77,65
73,69,69,68,63,72,210,177,230,243,165,137,108,161,175,102,65
78,68,78,76,44,68,177,178,499,292,145,99,110,421,216,101,65
61,89,76,93,62,74,278,655,661,347,172,217,566,585,254,110,65
54,85,65,89,81,81,228,229,225,404,154,174,144,160,315,73,65
54,64,77,74,89,99,375,220,262,292,166,321,156,185,218,77,65
64,95,64,81,78,83,236,212,276,268,170,172,117,212,187,92,65
52,69,55,58,53,73,175,164,270,256,125,123,95,215,198,72,65
60,65,72,68,77,64,187,175,254,257,155,127,110,182,189,78,65
32,62,52,69,64,59,181,1074,319,359,241,149,1012,267,290,177,66
34,46,45,78,62,45,141,843,352,187,188,107,797,307,109,126,66
59,42,43,68,35,70,571,600,354,1047,136,512,558,311,979,101,66
44,35,37,63,51,69,186,821,279,784,117,142,786,242,721,66,66
52,44,29,36,53,53,711,820,919,143,261,659,776,890,107,208,66
69,44,52,59,59,44,304,603,422,253,210,235,559,370,194,151,66
53,53,61,54,69,53,420,621,278,396,195,367,568,217,342,126,66
52,61,78,61,69,52,312,302,522,102,188,260,241,444,41,119,66
53,43,52,45,63,76,246,764,252,153,172,193,721,200,108,109,66
51,59,51,53,60,50,188,537,369,195,195,137,478,318,142,135,66
51,53,52,52,60,55,178,328,379,254,168,127,275,327,202,108,66
62,52,50,43,61,52,472,605,587,109,194,410,553,537,66,133,66
26,53,37,60,52,51,150,244,254,221,153,124,191,217,161,101,66
44,54,45,37,69,69,168,279,670,227,187,124,225,625,190,118,66
70,60,34,68,51,68,412,776,226,729,154,342,716,192,661,103,66
72,54,61,76,11,28,211,355,280,1112,229,139,301,219,1036,218,66
59,52,59,45,61,38,195,587,628,734,269,136,535,569,689,208,66
59,72,61,29,61,59,167,423,261,420,222,108,351,200,391,161,66
62,62,53,68,70,45,186,321,263,486,254,124,259,210,418,184,66
62,53,50,44,69,38,180,248,351,452,188,118,195,301,408,119,66
55,95,52,86,82,82,283,545,2287,274,402,228,450,2235,188,320,67
70,99,81,67,92,92,247,285,801,531,365,177,186,720,464,273,67
91,110,101,113,78,112,318,417,349,255,280,227,307,248,142,202,67
69,111,88,114,72,105,237,289,242,293,269,168,178,154,179,197,67
72,112,93,92,81,97,264,301,235,300,299,192,189,142,208,218,67
73,113,76,94,77,95,276,373,245,291,310,203,260,169,197,233,67
57,110,80,99,93,93,262,301,248,289,284,205,191,168,190,191,67
49,123,94,86,91,107,243,310,228,284,282,194,187,134,198,191,67
70,131,111,125,97,113,308,372,253,289,321,238,241,142,164,224,67
83,115,115,111,119,114,279,258,285,247,321,196,143,170,136,202,67
101,117,104,130,99,115,279,309,226,281,304,178,192,122,151,205,67
95,113,95,114,92,114,300,254,231,252,282,205,141,136,138,190,67
41,97,60,94,91,111,290,316,233,271,296,249,219,173,177,205,67
93,113,81,93,97,116,301,296,254,299,300,208,183,173,206,203,67
76,92,105,130,102,127,307,286,225,281,276,231,194,120,151,174,67
82,88,80,106,105,93,342,312,221,267,350,260,224,141,161,245,67
72,87,94,97,91,110,535,307,266,252,282,463,220,172,155,191,67
93,73,74,116,80,116,335,488,292,270,250,242,415,218,154,170,67
92,127,96,88,83,114,314,367,361,201,270,222,240,265,113,187,67
90,98,83,110,81,97,263,312,339,347,1120,173,214,256,237,1039,67
42,28,45,69,56,56,2493,1309,1403,194,379,2451,1281,1358,125,323,68
41,52,59,73,38,60,388,2070,1267,225,803,347,2018,1208,152,765,68
67,34,82,73,29,39,391,1455,1203,638,490,324,1421,1121,565,461,68
1,40,57,50,51,76,1874,1402,2822,193,295,1873,1362,2765,143,244,68
38,32,25,26,53,76,249,676,1170,225,359,211,644,1145,199,306,68
51,40,57,38,58,52,243,437,287,235,409,192,397,230,197,351,68
47,16,50,63,65,50,444,1039,465,193,302,397,1023,415,130,237,68
63,47,51,54,54,39,335,373,640,253,348,272,326,589,199,294,68
42,40,56,47,51,74,210,262,235,166,245,168,222,179,119,194,68
51,55,65,52,56,56,176,236,219,166,254,125,181,154,114,198,68
46,43,59,58,54,53,172,228,463,186,227,126,185,404,128,173,68
36,55,50,47,75,57,165,526,283,156,287,129,471,233,109,212,68
33,55,65,55,47,65,169,250,311,177,243,136,195,246,122,196,68
72,40,50,50,65,74,277,216,279,216,278,205,176,229,166,213,68
47,48,55,50,65,56,267,253,224,277,313,220,205,169,227,248,68
39,38,50,36,56,58,236,905,375,162,261,197,867,325,126,205,68
46,47,62,48,67,56,208,281,292,183,277,162,234,230,135,210,68
51,31,70,56,46,51,897,401,223,179,256,846,370,153,123,210,68
39,22,58,62,28,59,175,219,360,206,232,136,197,302,144,204,68
42,23,40,23,79,53,213,548,260,161,270,171,525,220,138,191,68
13,70,52,34,36,36,445,2067,370,1516,214,432,1997,318,1482,178,69
79,92,54,46,52,70,474,488,356,963,213,395,396,302,917,161,69
64,82,83,88,34,50,120,211,198,251,852,56,129,115,163,818,69
88,77,65,74,69,41,143,209,109,188,128,55,132,44,114,59,69
51,53,51,51,77,78,130,187,383,560,114,79,134,332,509,37,69
58,62,57,57,49,41,115,207,131,174,125,57,145,74,117,76,69
50,71,85,66,48,80,162,1356,182,251,71,112,1285,97,185,23,69
65,104,62,25,70,59,162,394,203,171,109,97,290,141,146,39,69
82,72,48,65,54,57,144,223,167,330,181,62,151,119,265,127,69
91,94,96,96,64,79,160,198,150,217,151,69,104,54,121,87,69
53,81,63,78,76,63,153,234,121,543,107,100,153,58,465,31,69
67,95,68,15,52,76,137,212,151,149,110,70,117,83,134,58,69
56,56,87,31,50,54,143,170,156,181,94,87,114,69,150,44,69
66,50,52,56,48,74,131,353,108,209,91,65,303,56,153,43,69
50,66,65,57,36,75,168,200,124,375,264,118,134,59,318,228,69
63,62,77,65,53,70,151,203,118,225,118,88,141,41,160,65,69
64,93,69,54,70,93,107,206,132,200,114,43,113,63,146,44,69
65,61,55,40,67,60,124,288,96,391,105,59,227,41,351,38,69
66,64,59,56,52,52,106,189,134,171,117,40,125,75,115,65,69
71,52,50,59,50,75,149,219,89,193,93,78,167,39,134,43,69
51,19,46,47,32,34,881,255,1375,515,323,830,236,1329,468,291,70
39,63,15,32,32,39,459,258,793,341,293,420,195,778,309,261,70
77,58,44,45,21,37,504,219,730,334,243,427,161,686,289,222,70
67,69,29,70,31,39,391,269,344,279,269,324,200,315,209,238,70
36,65,51,49,36,46,303,238,736,278,301,267,173,685,229,265,70
44,61,29,35,39,36,295,236,644,322,318,251,175,615,287,279,70
36,55,45,74,49,47,306,277,491,299,260,270,222,446,225,211,70
44,41,36,57,36,27,927,288,628,321,453,883,247,592,264,417,70
35,74,37,36,30,22,1044,254,641,284,255,1009,180,604,248,225,70
44,76,39,55,48,16,250,224,526,256,256,206,148,487,201,208,70
47,54,54,45,49,39,260,207,826,589,293,213,153,772,544,244,70
54,45,45,38,38,34,308,226,356,277,258,254,181,311,239,220,70
41,45,54,36,47,39,311,209,670,295,267,270,164,616,259,220,70
67,58,46,37,32,31,360,232,511,254,250,293,174,465,217,218,70
54,63,39,46,55,33,367,273,410,363,265,313,210,371,317,210,70
60,22,21,31,57,37,209,177,432,82,177,149,155,411,51,120,70
49,49,32,45,58,23,132,793,955,120,163,83,744,923,75,105,70
52,35,42,56,39,8,540,235,344,310,372,488,200,302,254,333,70
76,49,46,37,50,30,164,221,233,136,139,88,172,187,99,89,70
31,62,37,31,45,27,137,218,199,218,143,106,156,162,187,98,70
101,110,117,99,97,96,402,524,674,445,318,301,414,557,346,221,71
102,103,102,111,82,110,345,316,263,317,230,243,213,161,206,148,71
77,102,95,123,95,87,232,219,289,352,206,155,117,194,229,111,71
104,106,128,105,81,110,279,202,230,298,219,175,96,102,193,138,71
108,100,107,111,86,107,287,245,258,284,212,179,145,151,173,126,71
98,93,119,105,99,119,285,351,291,259,190,187,258,172,154,91,71
99,74,122,81,84,110,258,572,622,242,187,159,498,500,161,103,71
110,90,112,83,109,115,251,205,218,239,318,141,115,106,156,209,71
104,113,117,110,96,107,256,234,268,279,217,152,121,151,169,121,71
99,76,93,103,91,126,251,270,240,300,239,152,194,147,197,148,71
92,56,112,91,92,104,285,217,218,277,846,193,161,106,186,754,71
72,106,109,107,113,129,217,225,201,252,507,145,119,92,145,394,71
102,88,123,88,97,103,241,179,211,234,192,139,91,88,146,95,71
90,85,111,98,100,137,220,202,226,250,338,130,117,115,152,238,71
92,97,111,86,106,129,236,192,194,222,215,144,95,83,136,109,71
98,105,79,76,69,105,341,349,245,263,169,243,244,166,187,100,71
121,72,122,91,82,112,323,312,299,318,198,202,240,177,227,116,71
92,105,73,110,86,134,253,244,183,296,194,161,139,110,186,108,71
93,68,105,104,75,112,266,229,331,323,192,173,161,226,219,117,71
82,95,102,118,107,106,326,399,197,283,242,244,304,95,165,135,71
87,72,78,65,45,36,122,2646,104,1754,644,35,2574,26,1689,599,72
77,80,86,96,78,64,518,1641,569,841,697,441,1561,483,745,619,72
90,114,82,112,62,68,703,517,317,501,345,613,403,235,389,283,72
113,134,77,101,84,72,307,480,184,261,343,194,346,107,160,259,72
93,138,97,98,46,55,312,451,233,261,274,219,313,136,163,228,72
119,116,54,122,46,65,164,755,572,819,364,45,639,518,697,318,72
102,131,88,123,65,39,178,384,149,217,300,76,253,61,94,235,72
120,80,113,100,72,51,200,509,190,201,313,80,429,77,101,241,72
114,121,78,104,58,63,467,490,175,214,286,353,369,97,110,228,72
105,104,45,84,30,54,323,660,497,244,345,218,556,452,160,315,72
115,107,110,104,64,56,233,246,131,180,267,118,139,21,76,203,72
95,72,90,105,48,57,156,192,127,172,271,61,120,37,67,223,72
92,57,45,91,10,51,127,611,131,181,259,35,554,86,90,249,72
109,81,72,99,56,46,170,207,142,167,310,61,126,70,68,254,72
104,58,72,104,58,31,173,212,125,196,312,69,154,53,92,254,72
114,88,81,70,55,51,184,267,244,292,265,70,179,163,222,210,72
86,90,73,97,41,59,182,611,125,200,290,96,521,52,103,249,72
112,71,89,92,48,68,201,305,142,209,257,89,234,53,117,209,72
110,83,89,106,65,57,197,208,175,182,258,87,125,86,76,193,72
108,86,72,106,71,48,195,225,174,166,276,87,139,102,60,205,72
57,76,96,84,104,63,8074,1073,1129,1333,1851,8017,997,1033,1249,1747,73
81,70,92,76,88,53,957,778,963,1078,281,876,708,871,1002,193,73
68,66,68,62,85,75,645,2379,691,950,817,577,2313,623,888,732,73
74,66,81,83,92,72,643,783,889,742,421,569,717,808,659,329,73
80,76,100,85,73,56,523,412,314,398,263,443,336,214,313,190,73
81,59,70,84,89,54,673,680,341,423,258,592,621,271,339,169,73
84,84,91,83,75,67,676,620,354,453,675,592,536,263,370,600,73
74,66,75,90,80,82,651,1780,488,471,261,577,1714,413,381,181,73
83,79,102,86,94,67,917,640,328,420,265,834,561,226,334,171,73
81,92,98,79,87,83,508,456,322,365,274,427,364,224,286,187,73
61,89,89,91,71,85,589,593,312,449,284,528,504,223,358,213,73
90,90,79,78,86,52,644,513,298,389,280,554,423,219,311,194,73
72,57,81,57,81,66,682,793,370,570,236,610,736,289,513,155,73
81,85,116,83,110,70,589,497,321,544,245,508,412,205,461,135,73
100,66,92,99,89,98,717,544,347,447,255,617,478,255,348,166,73
89,75,83,101,102,77,1093,569,287,439,269,1004,494,204,338,167,73
97,84,93,83,82,77,748,551,330,390,237,651,467,237,307,155,73
101,91,90,93,93,60,654,626,287,469,248,553,535,197,376,155,73
66,82,106,84,101,85,667,577,304,429,262,601,495,198,345,161,73
115,101,113,76,78,65,576,359,326,360,258,461,258,213,284,180,73
115,126,86,93,95,82,736,825,339,415,326,621,699,253,322,231,74
107,89,80,87,92,80,541,489,294,455,324,434,400,214,368,232,74
129,94,89,73,103,71,520,557,303,530,426,391,463,214,457,323,74
114,87,85,90,75,63,460,504,519,555,299,346,417,434,465,224,74
95,74,68,90,89,72,583,500,264,411,295,488,426,196,321,206,74
82,98,70,83,88,82,423,471,266,446,316,341,373,196,363,228,74
98,71,76,88,88,77,343,395,257,309,281,245,324,181,221,193,74
97,97,73,87,87,87,343,410,253,379,275,246,313,180,292,188,74
80,86,75,84,43,67,385,420,269,636,293,305,334,194,552,250,74
78,90,67,68,97,72,274,390,259,271,286,196,300,192,203,189,74
107,80,78,96,115,83,461,414,273,316,301,354,334,195,220,186,74
93,83,89,89,93,105,456,419,286,383,304,363,336,197,294,211,74
123,85,82,94,110,77,349,465,272,418,326,226,380,190,324,216,74
96,98,77,80,94,85,368,402,309,379,386,272,304,232,299,292,74
85,103,79,87,94,80,327,434,287,334,299,242,331,208,247,205,74
93,109,87,90,113,81,305,403,299,330,333,212,294,212,240,220,74
97,106,79,97,106,92,319,410,286,336,338,222,304,207,239,232,74
96,107,86,99,104,70,316,405,291,399,384,220,298,205,300,280,74
84,125,84,93,105,81,302,460,278,340,307,218,335,194,247,202,74
104,94,73,91,107,89,398,411,270,370,319,294,317,197,279,212,74
88,95,70,108,103,80,451,475,378,573,239,363,380,308,465,136,75
76,81,87,46,48,80,277,269,495,412,217,201,188,408,366,169,75
71,75,53,82,61,106,246,398,271,377,324,175,323,218,295,263,75
82,77,33,79,74,79,296,300,223,305,239,214,223,190,226,165,75
73,60,92,55,82,87,764,285,657,745,201,691,225,565,690,119,75
59,82,63,80,85,88,269,260,299,454,212,210,178,236,374,127,75
72,77,83,77,97,87,478,320,303,322,229,406,243,220,245,132,75
96,79,69,64,62,82,267,235,313,328,229,171,156,244,264,167,75
117,72,68,73,68,93,321,247,318,348,199,204,175,250,275,131,75
51,114,81,84,59,87,245,301,330,641,214,194,187,249,557,155,75
82,80,79,45,53,73,294,284,336,359,213,212,204,257,314,160,75
48,66,74,86,50,70,291,276,307,450,204,243,210,233,364,154,75
57,71,87,60,53,59,277,243,294,809,225,220,172,207,749,172,75
60,72,31,64,68,70,246,409,323,362,190,186,337,292,298,122,75
58,78,70,65,53,66,251,225,289,437,211,193,147,219,372,158,75
46,63,78,77,113,62,249,220,257,331,252,203,157,179,254,139,75
54,79,92,71,27,70,218,219,287,346,206,164,140,195,275,179,75
48,62,50,63,69,69,270,264,267,561,200,222,202,217,498,131,75
55,65,77,23,69,71,266,230,390,2186,172,211,165,313,2163,103,75
49,70,70,93,92,56,229,234,309,2778,194,180,164,239,2685,102,75
79,70,69,70,96,56,216,1435,181,926,182,137,1365,112,856,86,76
96,86,88,79,86,48,191,725,174,1085,181,95,639,86,1006,95,76
104,62,85,79,93,62,283,1294,147,1204,264,179,1232,62,1125,171,76
83,65,79,80,95,46,161,745,615,969,214,78,680,536,889,119,76
113,71,71,88,96,49,307,968,191,1508,181,194,897,120,1420,85,76
87,96,86,79,105,72,583,959,207,1918,174,496,863,121,1839,69,76
88,87,69,72,87,47,175,970,230,392,191,87,883,161,320,104,76
71,78,71,89,78,71,174,1058,424,603,206,103,980,353,514,128,76
80,45,71,80,77,19,234,266,175,193,242,154,221,104,113,165,76
148,82,55,71,73,46,306,225,176,207,218,158,143,121,136,145,76
85,74,96,89,88,72,162,159,309,233,225,77,85,213,144,137,76
94,80,87,62,81,71,414,719,182,357,201,320,639,95,295,120,76
81,71,78,64,89,30,259,527,439,259,300,178,456,361,195,211,76
107,89,87,81,87,55,391,451,307,310,408,284,362,220,229,321,76
87,47,88,71,71,71,350,525,241,401,199,263,478,153,330,128,76
81,62,72,87,109,64,209,466,761,448,216,128,404,689,361,107,76
79,71,116,96,96,70,232,533,251,307,227,153,462,135,211,131,76
107,46,106,71,71,54,326,357,334,399,201,219,311,228,328,130,76
95,54,107,80,81,47,416,291,250,350,259,321,237,143,270,178,76
96,72,116,69,79,71,241,383,235,199,174,145,311,119,130,95,76
36,48,99,76,97,90,1639,508,4676,996,341,1603,460,4577,920,244,77
71,73,88,53,76,82,641,1361,2045,712,1368,570,1288,1957,659,1292,77
80,91,88,79,73,98,346,5076,1291,1052,558,266,4985,1203,973,485,77
90,90,82,98,112,90,476,984,1101,1078,347,386,894,1019,980,235,77
98,64,73,88,88,90,550,859,1768,1584,398,452,795,1695,1496,310,77
96,81,80,64,89,99,482,851,1444,1066,365,386,770,1364,1002,276,77
98,82,72,90,79,96,316,911,1208,335,559,218,829,1136,245,480,77
94,69,78,54,84,81,241,709,425,736,337,147,640,347,682,253,77
89,88,78,68,40,71,250,984,795,481,692,161,896,717,413,652,77
79,78,79,84,80,63,389,1517,1053,1022,359,310,1439,974,938,279,77
78,53,61,69,75,87,641,1644,824,529,737,563,1591,763,460,662,77
108,83,88,87,80,54,299,671,709,297,369,191,588,621,210,289,77
78,87,80,85,65,57,259,457,1544,305,351,181,370,1464,220,286,77
84,97,73,68,42,56,955,1784,704,389,283,871,1687,631,321,241,77
87,81,97,79,49,89,313,1820,501,429,486,226,1739,404,350,437,77
55,90,80,90,73,81,281,343,225,300,308,226,253,145,210,235,77
74,89,98,82,73,65,318,308,199,259,266,244,219,101,177,193,77
79,80,91,72,64,74,224,273,177,250,265,145,193,86,178,201,77
55,86,90,65,47,48,218,288,184,226,283,163,202,94,161,236,77
80,73,97,81,65,73,248,267,183,266,250,168,194,86,185,185,77
46,78,38,64,50,66,319,859,674,460,268,273,781,636,396,218,78
50,52,71,69,54,63,295,719,281,633,271,245,667,210,564,217,78
37,48,71,66,52,76,307,781,250,433,258,270,733,179,367,206,78
46,63,67,50,54,48,217,965,230,363,256,171,902,163,313,202,78
47,52,66,17,50,47,246,470,313,419,201,199,418,247,402,151,78
49,62,67,41,23,52,234,566,258,376,198,185,504,191,335,175,78
49,51,67,50,49,66,282,972,246,366,250,233,921,179,316,201,78
36,21,72,56,33,81,314,450,237,334,286,278,429,165,278,253,78
64,53,70,65,69,66,314,400,220,349,233,250,347,150,284,164,78
48,48,52,53,52,50,265,431,200,401,250,217,383,148,348,198,78
43,39,64,67,34,50,268,1061,229,519,266,225,1022,165,452,232,78
50,38,62,70,49,65,462,855,231,336,315,412,817,169,266,266,78
51,48,68,66,34,46,305,398,467,500,252,254,350,399,434,218,78
48,48,51,44,68,70,282,1099,239,311,300,234,1051,188,267,232,78
79,50,49,51,62,51,298,568,296,355,264,219,518,247,304,202,78
53,49,50,29,60,35,255,517,451,354,245,202,468,401,325,185,78
36,49,52,51,47,55,284,483,400,338,225,248,434,348,287,178,78
47,36,35,69,36,51,279,533,231,469,250,232,497,196,400,214,78
63,47,39,66,49,47,284,494,204,401,251,221,447,165,335,202,78
49,51,69,52,69,54,248,369,199,313,250,199,318,130,261,181,78
87,66,66,45,45,45,1377,1033,1467,433,300,1290,967,1401,388,255,79
80,78,94,112,112,45,517,717,699,333,301,437,639,605,221,189,79
144,79,129,129,112,128,614,600,1367,466,401,470,521,1238,337,289,79
78,45,111,45,78,27,616,534,833,467,233,538,489,722,422,155,79
66,64,26,45,95,64,400,401,316,350,333,334,337,290,305,238,79
95,64,66,45,78,66,299,333,384,267,266,204,269,318,222,188,79
94,79,45,45,65,47,283,317,334,267,246,189,238,289,222,181,79
65,64,95,80,64,46,271,1685,1646,270,233,206,1621,1551,190,169,79
45,77,45,45,45,45,234,316,333,267,233,189,239,288,222,188,79
65,45,45,28,65,45,266,317,400,249,251,201,272,355,221,186,79
79,64,66,64,79,44,267,283,400,267,284,188,219,334,203,205,79
66,45,66,45,66,45,300,300,383,234,250,234,255,317,189,184,79
65,45,65,65,65,79,250,283,450,300,233,185,238,385,235,168,79
27,27,45,46,65,64,800,350,333,284,183,773,323,288,238,118,79
27,45,47,27,63,66,283,263,304,232,235,256,218,257,205,172,79
46,28,78,45,79,66,283,234,316,283,234,237,206,238,238,155,79
78,28,82,78,79,44,300,281,419,233,285,222,253,337,155,206,79
79,45,78,44,45,66,584,401,316,333,216,505,356,238,289,171,79
65,45,43,45,45,63,250,283,283,283,267,185,238,240,238,222,79
96,45,45,66,65,28,834,266,383,266,200,738,221,338,200,135,79
73,85,95,94,58,72,232,953,425,577,184,159,868,330,483,126,80
136,103,100,78,120,110,953,215,995,417,248,817,112,895,339,128,80
80,81,96,105,76,78,168,231,280,399,339,88,150,184,294,263,80
99,99,107,113,116,86,180,237,240,157,239,81,138,133,44,123,80
97,111,86,108,112,110,211,363,225,141,204,114,252,139,33,92,80
93,120,127,114,103,97,150,233,246,159,217,57,113,119,45,114,80
111,84,73,17,98,109,262,213,299,101,236,151,129,226,84,138,80
92,113,100,81,115,120,172,202,680,135,229,80,89,580,54,114,80
110,97,98,81,82,109,226,211,241,222,232,116,114,143,141,150,80
77,82,65,85,88,92,226,211,215,177,253,149,129,150,92,165,80
105,109,113,99,113,76,184,201,236,323,237,79,92,123,224,124,80
88,109,104,117,80,95,179,468,231,273,253,91,359,127,156,173,80
90,121,108,108,111,111,205,293,233,186,238,115,172,125,78,127,80
92,105,100,99,136,97,245,207,236,155,286,153,102,136,56,150,80
82,121,120,98,98,112,161,214,236,169,234,79,93,116,71,136,80
75,95,110,97,120,110,205,202,236,152,240,130,107,126,55,120,80
101,98,98,98,111,94,204,200,237,134,263,103,102,139,36,152,80
82,121,106,94,87,109,184,199,233,163,259,102,78,127,69,172,80
79,102,113,85,97,97,161,200,239,155,259,82,98,126,70,162,80
107,114,99,109,101,124,162,205,214,131,215,55,91,115,22,114,80
68,74,81,56,64,82,427,437,1254,398,565,359,363,1173,342,501,81
89,89,65,82,90,74,388,745,424,379,539,299,656,359,297,449,81
73,74,48,63,66,65,353,523,1172,272,437,280,449,1124,209,371,81
64,82,90,90,74,40,248,330,387,185,574,184,248,297,95,500,81
64,74,72,99,98,74,342,422,318,287,741,278,348,246,188,643,81
90,74,90,57,41,66,270,370,278,186,228,180,296,188,129,187,81
65,82,82,74,66,49,213,609,415,194,261,148,527,333,120,195,81
81,82,81,98,73,73,263,388,428,245,236,182,306,347,147,163,81
79,75,74,66,74,73,200,262,303,169,287,121,187,229,103,213,81
82,74,57,90,73,73,221,303,336,195,370,139,229,279,105,297,81
73,74,56,74,74,57,203,287,227,160,237,130,213,171,86,163,81
65,65,66,88,65,73,246,253,238,176,203,181,188,172,88,138,81
73,74,66,74,84,48,212,278,220,151,229,139,204,154,77,145,81
73,83,57,106,91,73,170,312,221,193,220,97,229,164,87,129,81
90,91,73,81,92,65,236,455,303,159,220,146,364,230,78,128,81
82,83,65,72,91,82,213,330,263,159,237,131,247,198,87,146,81
64,65,66,82,83,74,239,251,220,168,220,175,186,154,86,137,81
82,74,66,73,83,57,196,294,220,168,228,114,220,154,95,145,81
99,65,56,66,73,65,271,362,235,170,261,172,297,179,104,188,81
90,32,48,82,57,74,262,320,211,186,194,172,288,163,104,137,81
113,54,78,63,115,49,1111,2609,239,142,362,998,2555,161,79,247,82
86,65,62,56,91,64,156,567,223,158,168,70,502,161,102,77,82
95,99,71,47,99,57,123,640,199,81,160,28,541,128,34,61,82
102,70,75,65,82,65,130,249,192,144,125,28,179,117,79,43,82
87,81,61,64,67,50,145,655,214,124,152,58,574,153,60,85,82
91,65,79,72,72,63,704,890,223,169,241,613,825,144,97,169,82
71,63,70,80,89,56,663,1084,332,267,185,592,1021,262,187,96,82
87,74,65,55,63,53,239,218,189,154,111,152,144,124,99,48,82
98,88,63,55,74,65,210,234,209,132,133,112,146,146,77,59,82
86,79,82,65,64,65,149,233,209,176,142,63,154,127,111,78,82
91,66,65,65,89,48,161,219,201,202,135,70,153,136,137,46,82
89,86,56,73,86,66,119,224,184,180,190,30,138,128,107,104,82
82,72,51,73,88,74,110,208,184,219,151,28,136,133,146,63,82
109,65,72,73,88,54,146,201,201,496,693,37,136,129,423,605,82
89,74,70,58,60,38,175,676,216,157,170,86,602,146,99,110,82
94,73,56,65,80,57,163,227,200,186,175,69,154,144,121,95,82
109,76,72,64,64,46,116,220,193,185,126,7,144,121,121,62,82
83,90,73,66,81,63,91,218,193,168,151,8,128,120,102,70,82
96,72,48,48,82,64,157,218,193,142,142,61,146,145,94,60,82
97,54,62,63,56,51,267,1040,240,308,1090,170,986,178,245,1034,82
87,92,99,84,75,94,233,307,264,254,171,146,215,165,170,96,83
92,69,66,66,66,88,121,424,221,240,118,29,355,155,174,52,83
73,67,91,58,57,53,427,380,413,289,145,354,313,322,231,88,83
58,67,92,46,57,62,215,437,565,269,136,157,370,473,223,79,83
69,75,57,69,53,87,198,678,277,198,100,129,603,220,129,47,83
95,77,59,64,53,73,422,389,249,186,96,327,312,190,122,43,83
83,84,56,72,61,62,354,324,257,176,114,271,240,201,104,53,83
75,57,52,58,59,53,644,376,315,213,114,569,319,263,155,55,83
60,63,78,86,55,90,89,206,207,130,106,29,143,129,44,51,83
60,74,62,52,78,40,83,337,530,278,129,23,263,468,226,51,83
90,49,57,66,74,46,103,215,280,198,127,13,166,223,132,53,83
110,78,82,63,69,54,129,277,242,126,140,19,199,160,63,71,83
84,74,43,57,70,45,184,351,1065,267,107,100,277,1022,210,37,83
84,82,66,62,80,63,215,231,249,168,183,131,149,183,106,103,83
75,63,83,57,58,44,407,185,241,157,145,332,122,158,100,87,83
73,75,39,48,68,52,220,225,238,162,164,147,150,199,114,96,83
75,62,78,79,81,54,164,182,202,130,210,89,120,124,51,129,83
77,62,61,83,64,62,138,192,207,152,116,61,130,146,69,52,83
50,71,76,78,55,75,127,185,219,149,112,77,114,143,71,57,83
64,74,75,68,81,61,106,196,220,120,260,42,122,145,52,179,83
157,166,145,126,140,133,782,2650,845,627,676,625,2484,700,501,536,84
131,133,149,127,123,126,731,626,773,985,615,600,493,624,858,492,84
164,175,141,139,161,149,763,726,743,1429,629,599,551,602,1290,468,84
139,157,130,124,98,102,691,1272,756,596,491,552,1115,626,472,393,84
89,118,114,92,117,99,573,539,698,454,470,484,421,584,362,353,84
115,140,124,102,93,83,692,783,690,454,453,577,643,566,352,360,84
93,123,115,114,133,103,580,723,612,401,419,487,600,497,287,286,84
93,115,127,113,93,104,578,607,706,482,352,485,492,579,369,259,84
76,75,117,100,109,102,577,593,578,393,338,501,518,461,293,229,84
74,91,90,116,67,85,511,520,509,396,361,437,429,419,280,294,84
98,102,159,107,107,85,695,602,578,452,379,597,500,419,345,272,84
108,117,112,108,121,124,574,426,555,368,366,466,309,443,260,245,84
121,114,134,108,140,118,518,393,536,338,445,397,279,402,230,305,84
108,116,106,107,101,121,502,546,477,444,325,394,430,371,337,224,84
135,117,102,133,118,108,529,436,620,401,374,394,319,518,268,256,84
139,98,73,106,102,116,568,955,545,410,412,429,857,472,304,310,84
75,99,81,83,99,100,479,472,541,512,369,404,373,460,429,270,84
78,66,133,100,80,116,482,404,494,324,344,404,338,361,224,264,84
82,90,101,116,102,115,478,485,404,345,324,396,395,303,229,222,84
85,91,176,84,119,83,496,369,520,335,399,411,278,344,251,280,84
73,87,66,55,65,45,655,526,547,982,384,582,439,481,927,319,85
79,75,56,58,60,53,470,515,613,285,282,391,440,557,227,222,85
79,69,76,37,53,43,288,329,311,243,237,209,260,235,206,184,85
66,78,60,69,54,69,182,243,208,176,169,116,165,148,107,115,85
65,65,69,77,52,59,216,198,217,178,199,151,133,148,101,147,85
64,67,64,68,70,70,216,198,205,166,185,152,131,141,98,115,85
48,62,79,71,63,64,293,185,219,159,196,245,123,140,88,133,85
32,51,92,58,62,64,257,150,267,174,223,225,99,175,116,161,85
58,59,63,61,82,53,249,190,227,160,203,191,131,164,99,121,85
48,82,69,70,62,72,216,205,201,161,185,168,123,132,91,123,85
56,67,73,63,41,42,255,204,729,169,200,199,137,656,106,159,85
60,64,81,70,62,54,247,179,477,169,201,187,115,396,99,139,85
69,76,71,53,52,44,267,200,306,195,209,198,124,235,142,157,85
65,70,58,55,78,46,258,194,210,137,274,193,124,152,82,196,85
52,70,54,71,54,54,372,192,184,169,178,320,122,130,98,124,85
42,74,71,62,70,63,249,181,161,137,178,207,107,90,75,108,85
57,86,70,62,55,66,187,187,136,153,168,130,101,66,91,113,85
48,61,73,101,48,71,162,169,136,170,162,114,108,63,69,114,85
62,77,71,46,62,60,185,177,202,130,193,123,100,131,84,131,85
65,60,77,65,71,63,153,145,186,152,186,88,85,109,87,115,85
68,94,98,107,81,106,184,234,265,174,340,116,140,167,67,259,86
97,96,114,114,139,97,527,373,386,1274,458,430,277,272,1160,319,86
97,99,132,123,125,116,324,281,273,216,217,227,182,141,93,92,86
81,80,98,98,133,89,324,202,373,156,215,243,122,275,58,82,86
73,90,92,106,117,109,171,273,259,155,276,98,183,167,49,159,86
89,90,115,97,107,98,248,610,409,146,207,159,520,294,49,100,86
96,116,98,83,132,139,172,207,240,147,224,76,91,142,64,92,86
62,71,82,57,100,48,667,466,937,264,240,605,395,855,207,140,86
82,65,91,81,108,81,172,181,215,181,216,90,116,124,100,108,86
73,67,105,107,115,106,181,208,289,173,210,108,141,184,66,95,86
81,90,99,90,117,99,172,148,232,125,223,91,58,133,35,106,86
80,82,109,98,109,83,171,122,233,138,333,91,40,124,40,224,86
81,82,80,92,93,56,163,190,222,139,259,82,108,142,47,166,86
71,81,83,72,110,58,162,333,243,146,231,91,252,160,74,121,86
90,90,99,107,117,78,172,173,232,146,271,82,83,133,39,154,86
73,74,57,58,57,48,315,277,256,241,241,242,203,199,183,184,86
73,65,73,55,65,57,214,208,626,197,189,141,143,553,142,124,86
61,58,72,73,55,63,169,166,196,216,174,108,108,124,143,119,86
71,88,72,90,97,98,182,180,191,97,214,111,92,119,7,117,86
73,82,90,107,106,81,164,190,186,146,233,91,108,96,39,127,86
24,79,87,73,45,55,238,740,285,236,226,214,661,198,163,181,87
67,69,70,52,59,42,782,356,426,194,201,715,287,356,142,142,87
70,52,80,69,54,68,200,199,549,216,186,130,147,469,147,132,87
61,38,71,37,42,70,133,159,226,194,181,72,121,155,157,139,87
77,54,62,61,35,28,224,253,401,201,120,147,199,339,140,85,87
71,61,78,52,53,42,411,817,313,218,157,340,756,235,166,104,87
71,47,69,53,70,63,155,474,215,219,269,84,427,146,166,199,87
70,60,61,62,69,53,629,241,254,192,207,559,181,193,130,138,87
71,82,54,70,71,60,163,621,251,191,202,92,539,197,121,131,87
76,37,43,35,41,45,553,412,243,202,189,477,375,200,167,148,87
66,54,72,65,92,44,612,435,713,200,185,546,381,641,135,93,87
77,46,60,51,63,46,153,162,398,181,157,76,116,338,130,94,87
71,64,54,69,81,71,162,158,255,189,201,91,94,201,120,120,87
61,37,51,70,69,35,155,525,260,192,470,94,488,209,122,401,87
54,36,51,73,62,52,129,186,143,211,219,75,150,92,138,157,87
52,56,54,62,54,44,565,164,193,199,210,513,108,139,137,156,87
53,54,55,62,52,70,131,191,228,208,227,78,137,173,146,175,87
69,55,63,44,73,53,162,184,323,172,229,93,129,260,128,156,87
52,31,71,53,54,37,164,236,313,200,287,112,205,242,147,233,87
58,51,82,71,70,50,600,226,190,200,238,542,175,108,129,168,87
108,67,73,48,89,37,372,1798,481,512,521,264,1731,408,464,432,88
90,75,112,84,85,41,836,267,303,340,381,746,192,191,256,296,88
90,63,78,53,72,46,995,687,353,310,377,905,624,275,257,305,88
73,42,77,62,68,11,403,589,314,309,375,330,547,237,247,307,88
75,68,78,72,94,49,314,2679,420,309,784,239,2611,342,237,690,88
69,72,74,70,70,51,327,513,297,354,358,258,441,223,284,288,88
51,54,76,57,102,61,559,723,428,286,323,508,669,352,229,221,88
71,63,92,71,81,61,523,968,287,303,315,452,905,195,232,234,88
84,70,64,67,95,66,505,552,412,463,390,421,482,348,396,295,88
67,79,81,71,83,54,628,626,337,292,367,561,547,256,221,284,88
63,58,68,61,89,64,417,879,308,294,322,354,821,240,233,233,88
80,63,75,57,95,49,402,755,341,288,311,322,692,266,231,216,88
74,52,57,68,95,53,442,629,299,256,361,368,577,242,188,266,88
83,45,46,61,69,55,563,451,355,273,377,480,406,309,212,308,88
35,43,64,67,66,47,528,1104,480,355,402,493,1061,416,288,336,88
68,58,72,65,90,63,639,397,339,303,380,571,339,267,238,290,88
72,62,69,75,76,47,494,329,299,278,366,422,267,230,203,290,88
49,54,82,72,97,66,517,373,328,298,371,468,319,246,226,274,88
61,51,67,69,84,55,513,279,301,286,336,452,228,234,217,252,88
87,65,87,66,75,54,478,522,365,292,337,391,457,278,226,262,88
49,84,69,70,70,60,521,707,508,1427,475,472,623,439,1357,405,89
77,86,70,63,69,61,639,1485,549,2237,649,562,1399,479,2174,580,89
81,83,87,68,63,49,664,1339,577,821,464,583,1256,490,753,401,89
67,65,78,65,62,97,583,714,520,537,448,516,649,442,472,386,89
46,77,75,70,59,63,524,572,496,517,568,478,495,421,447,509,89
94,72,76,89,80,48,555,757,460,502,557,461,685,384,413,477,89
77,95,92,64,52,92,700,679,535,547,518,623,584,443,483,466,89
77,103,77,70,76,60,717,866,449,445,500,640,763,372,375,424,89
60,74,87,66,60,89,1797,1754,545,616,469,1737,1680,458,550,409,89
83,67,105,95,79,79,640,648,509,599,567,557,581,404,504,488,89
73,81,73,69,64,59,444,500,378,371,448,371,419,305,302,384,89
68,84,82,62,70,76,813,569,470,442,453,745,485,388,380,383,89
77,77,77,130,60,79,509,551,413,453,456,432,474,336,323,396,89
70,78,87,92,46,59,499,490,429,421,429,429,412,342,329,383,89
66,67,91,73,74,71,498,521,439,426,501,432,454,348,353,427,89
82,53,75,52,60,53,471,529,431,450,469,389,476,356,398,409,89
74,92,82,102,77,78,433,486,412,384,474,359,394,330,282,397,89
72,72,81,77,89,78,451,595,625,380,479,379,523,544,303,390,89
84,70,86,86,65,79,438,484,409,389,468,354,414,323,303,403,89
66,68,80,93,59,64,413,467,371,385,436,347,399,291,292,377,89
58,45,60,124,71,58,249,530,315,753,218,191,485,255,629,147,90
74,54,70,46,47,47,340,514,214,236,183,266,460,144,190,136,90
48,82,73,59,36,40,176,266,173,272,194,128,184,100,213,158,90
63,60,72,55,47,31,160,164,185,274,174,97,104,113,219,127,90
31,48,62,64,63,38,186,160,147,232,216,155,112,85,168,153,90
59,78,54,47,31,31,153,202,130,258,192,94,124,76,211,161,90
50,43,78,49,29,44,159,145,132,252,186,109,102,54,203,157,90
62,71,70,72,51,55,192,222,133,255,181,130,151,63,183,130,90
45,45,96,47,67,37,139,153,144,219,200,94,108,48,172,133,90
81,47,33,54,67,62,167,327,102,289,184,86,280,69,235,117,90
78,44,64,41,56,75,189,201,136,244,203,111,157,72,203,147,90
70,70,67,68,49,53,133,174,120,301,190,63,104,53,233,141,90
69,41,51,61,61,47,137,197,108,232,205,68,156,57,171,144,90
63,44,86,54,61,47,163,142,151,248,190,100,98,65,194,129,90
85,56,69,74,77,49,155,170,181,244,222,70,114,112,170,145,90
48,60,63,29,75,56,171,220,197,242,220,123,160,134,213,145,90
58,55,75,64,55,23,156,280,241,287,221,98,225,166,223,166,90
69,61,95,87,67,50,135,155,116,257,198,66,94,21,170,131,90
62,46,74,57,34,29,143,131,158,247,184,81,85,84,190,150,90
37,44,46,51,71,50,164,174,147,305,220,127,130,101,254,149,90
44,61,70,46,24,35,817,1734,441,1146,689,773,1673,371,1100,665,91
45,68,64,36,53,53,560,1223,401,2350,365,515,1155,337,2314,312,91
46,52,65,38,71,53,450,716,283,1159,508,404,664,218,1121,437,91
54,54,78,44,45,46,367,1233,792,1408,324,313,1179,714,1364,279,91
54,46,64,46,71,62,517,1209,274,550,309,463,1163,210,504,238,91
53,46,45,46,45,54,382,268,199,259,266,329,222,154,213,221,91
45,45,46,71,36,64,266,274,150,259,214,221,229,104,188,178,91
64,62,51,46,46,54,259,218,164,225,225,195,156,113,179,179,91
53,64,46,55,45,64,232,200,150,234,216,179,136,104,179,171,91
45,53,53,55,53,30,217,183,149,476,233,172,130,96,421,180,91
54,47,64,58,54,63,249,184,159,225,225,195,137,95,167,171,91
59,70,43,68,65,45,225,201,149,207,268,166,131,106,139,203,91
54,45,46,38,45,55,241,192,158,209,224,187,147,112,171,179,91
65,55,53,54,64,38,249,276,150,208,233,184,221,97,154,169,91
44,54,53,64,63,54,232,183,150,268,232,188,129,97,204,169,91
64,63,52,55,64,53,249,318,173,251,259,185,255,121,196,195,91
44,45,69,63,54,37,282,200,174,750,242,238,155,105,687,188,91
46,56,54,53,65,46,258,208,168,366,275,212,152,114,313,210,91
54,64,54,55,65,45,283,225,175,225,251,229,161,121,170,186,91
54,54,45,61,54,37,249,209,166,217,283,195,155,121,156,229,91
79,130,125,109,91,99,121,361,1113,225,202,42,231,988,116,111,92
67,101,105,128,88,101,122,286,283,131,244,55,185,178,3,156,92
78,105,107,111,129,107,346,277,661,385,218,268,172,554,274,89,92
91,103,109,125,114,105,134,298,255,134,250,43,195,146,9,136,92
79,118,105,111,95,118,139,279,232,117,215,60,161,127,6,120,92
73,93,111,114,79,103,139,255,263,126,212,66,162,152,12,133,92
81,91,98,112,66,98,105,240,211,120,198,24,149,113,8,132,92
88,80,97,113,93,108,106,241,223,121,216,18,161,126,8,123,92
77,98,112,89,81,100,121,302,1070,109,203,44,204,958,20,122,92
82,95,87,123,90,103,95,247,180,132,223,13,152,93,9,133,92
80,100,98,104,73,95,98,265,255,112,216,18,165,157,8,143,92
60,94,104,113,65,82,119,446,295,769,269,59,352,191,656,204,92
71,93,91,110,109,101,153,536,318,167,274,82,443,227,57,165,92
91,121,104,117,98,135,146,381,410,256,294,55,260,306,139,196,92
98,119,94,105,94,129,197,433,388,146,238,99,314,294,41,144,92
98,103,105,104,110,109,133,290,335,152,274,35,187,230,48,164,92
108,110,102,125,78,99,142,307,599,176,307,34,197,497,51,229,92
89,111,118,114,84,110,115,264,255,122,236,26,153,137,8,152,92
122,116,86,103,127,135,145,300,693,145,255,23,184,607,42,128,92
121,116,96,117,93,115,125,466,208,195,250,4,350,112,78,157,92
81,86,78,74,68,64,1081,1993,1284,1771,1008,1000,1907,1206,1697,940,93
91,94,82,58,44,62,7479,1092,1982,2348,1773,7388,998,1900,2290,1729,93
50,47,48,74,49,60,2647,1956,2082,2153,1043,2597,1909,2034,2079,994,93
68,73,56,63,53,69,3317,726,2522,1258,1304,3249,653,2466,1195,1251,93
91,102,111,80,50,68,757,804,1662,1453,627,666,702,1551,1373,577,93
67,50,48,58,74,68,560,562,1824,680,530,493,512,1776,622,456,93
85,82,63,65,58,56,697,1515,810,970,563,612,1433,747,905,505,93
65,75,77,76,56,68,686,1670,989,480,567,621,1595,912,404,511,93
93,72,60,93,59,46,799,667,1088,577,591,706,595,1028,484,532,93
75,69,62,77,53,57,687,632,990,492,524,612,563,928,415,471,93
58,75,74,80,57,39,628,1381,1092,464,521,570,1306,1018,384,464,93
85,71,73,71,64,38,667,1731,1464,537,478,582,1660,1391,466,414,93
69,75,47,78,81,59,1234,538,638,484,559,1165,463,591,406,478,93
101,78,80,93,125,72,515,592,532,378,505,414,514,452,285,380,93
85,83,72,72,55,83,578,522,527,411,465,493,439,455,339,410,93
74,114,68,94,101,105,562,1384,1062,463,548,488,1270,994,369,447,93
87,69,75,70,49,48,2730,562,716,456,480,2643,493,641,386,431,93
53,78,85,82,89,58,1011,536,515,403,509,958,458,430,321,420,93
73,85,94,99,80,49,455,478,905,388,443,382,393,811,289,363,93
75,66,1,40,34,35,560,1168,2951,501,459,485,1102,2950,461,425,93
59,63,96,58,62,62,541,801,275,1567,272,482,738,179,1509,210,94
53,64,104,63,78,80,180,197,180,223,204,127,133,76,160,126,94
55,55,94,64,54,88,180,198,187,364,155,125,143,93,300,101,94
54,88,96,42,78,80,180,213,208,186,187,126,125,112,144,109,94
78,62,97,64,62,88,179,204,198,198,187,101,142,101,134,125,94
79,71,80,63,52,79,221,720,181,207,195,142,649,101,144,143,94
62,75,95,71,54,77,226,849,197,222,225,164,774,102,151,171,94
72,78,46,70,56,71,235,417,248,213,273,163,339,202,143,217,94
63,72,87,54,53,96,198,222,279,305,271,135,150,192,251,218,94
68,95,104,69,54,81,220,238,283,271,262,152,143,179,202,208,94
38,63,106,71,63,69,228,272,256,321,256,190,209,150,250,193,94
62,60,95,70,72,88,240,236,247,329,297,178,176,152,259,225,94
79,123,106,86,46,89,230,205,274,344,231,151,82,168,258,185,94
78,103,105,59,54,60,239,229,274,252,273,161,126,169,193,219,94
96,95,89,68,71,78,248,228,267,318,248,152,133,178,250,177,94
87,97,88,86,70,79,205,297,265,255,262,118,200,177,169,192,94
95,63,88,63,72,79,221,163,189,197,223,126,100,101,134,151,94
81,80,96,88,70,72,179,189,388,240,171,98,109,292,152,101,94
89,81,116,55,70,99,181,163,181,182,204,92,82,65,127,134,94
70,72,88,53,46,78,155,146,148,163,793,85,74,60,110,747,94
80,72,77,107,65,104,179,211,207,321,185,99,139,130,214,120,95
123,75,69,69,31,83,142,747,250,258,147,19,672,181,189,116,95
88,99,92,94,70,106,139,409,325,234,165,51,310,233,140,95,95
89,91,71,68,51,86,170,239,221,243,159,81,148,150,175,108,95
90,114,87,77,70,121,134,163,161,194,175,44,49,74,117,105,95
86,63,78,90,59,95,134,118,155,1255,143,48,55,77,1165,84,95
87,77,58,73,86,94,116,135,94,187,163,29,58,36,114,77,95
114,60,79,98,69,95,122,92,131,198,158,8,32,52,100,89,95
83,69,63,74,90,92,113,126,132,181,172,30,57,69,107,82,95
94,91,66,108,94,79,129,138,168,184,199,35,47,102,76,105,95
115,56,63,87,66,85,148,103,122,199,167,33,47,59,112,101,95
104,62,58,89,83,96,127,129,111,205,170,23,67,53,116,87,95
83,95,60,84,80,86,150,121,178,242,185,67,26,118,158,105,95
94,78,72,72,60,73,123,122,136,192,160,29,44,64,120,100,95
74,93,78,87,65,94,101,157,138,203,165,27,64,60,116,100,95
97,65,94,78,61,86,129,128,125,227,180,32,63,31,149,119,95
107,98,74,76,63,73,148,151,112,228,169,41,53,38,152,106,95
68,99,64,67,72,84,123,135,93,197,157,55,36,29,130,85,95
99,86,79,89,93,100,114,127,120,195,172,15,41,41,106,79,95
85,98,71,71,97,91,133,131,108,198,170,48,33,37,127,73,95
1,24,17,8,8,13,763,885,563,613,523,762,861,546,605,515,96
6,3,8,2,13,21,605,571,492,551,487,599,568,484,549,474,96
4,5,4,10,4,14,489,577,313,697,389,485,572,309,687,385,96
8,12,5,13,12,7,835,569,431,968,576,827,557,426,955,564,96
8,9,7,4,5,12,501,576,435,502,399,493,567,428,498,394,96
17,13,10,7,2,2,393,476,407,431,354,376,463,397,424,352,96
11,1,12,6,13,2,369,426,268,516,19,358,425,256,510,6,96
10,4,1,6,17,0,455,409,250,433,21,445,405,249,427,4,96
9,8,12,7,7,4,360,348,283,263,287,351,340,271,256,280,96
6,7,12,1,6,1,335,558,19,487,13,329,551,7,486,7,96
10,15,12,0,6,10,375,591,26,280,322,365,576,14,280,316,96
6,10,10,2,8,3,591,711,16,283,290,585,701,6,281,282,96
7,6,3,1,1,17,320,654,10,269,265,313,648,7,268,264,96
8,2,2,1,7,3,359,580,8,350,11,351,578,6,349,4,96
4,7,5,7,6,1,367,552,24,324,13,363,545,19,317,7,96
7,7,16,1,5,5,346,584,24,307,315,339,577,8,306,310,96
5,13,12,12,8,4,363,443,285,316,301,358,430,273,304,293,96
3,19,1,0,8,1,386,402,6,508,13,383,383,5,508,5,96
7,5,3,4,7,7,523,557,258,257,294,516,552,255,253,287,96
7,8,13,14,10,5,454,350,292,334,285,447,342,279,320,275,96
41,60,69,61,68,51,271,415,383,550,409,230,355,314,489,341,97
57,51,59,52,53,58,231,441,241,308,259,174,390,182,256,206,97
50,58,50,53,59,51,233,401,238,293,275,183,343,188,240,216,97
59,60,59,60,51,58,216,367,240,276,259,157,307,181,216,208,97
52,69,68,77,70,92,234,292,249,341,268,182,223,181,264,198,97
76,62,77,70,70,51,263,359,232,334,375,187,297,155,264,305,97
42,58,68,52,60,34,391,323,292,316,301,349,265,224,264,241,97
50,60,67,53,53,61,248,367,333,398,309,198,307,266,345,256,97
66,68,57,68,79,52,274,311,280,299,317,208,243,223,231,238,97
66,61,50,52,61,53,240,269,256,284,308,174,208,206,232,247,97
51,66,77,59,62,52,234,289,234,324,275,183,223,157,265,213,97
42,58,59,60,53,61,218,241,223,266,225,176,183,164,206,172,97
62,69,69,70,60,68,224,258,207,269,225,162,189,138,199,165,97
49,59,68,77,59,69,208,224,208,275,208,159,165,140,198,149,97
51,77,77,78,51,76,183,206,209,267,217,132,129,132,189,166,97
50,77,85,78,70,61,181,217,207,249,219,131,140,122,171,149,97
51,51,68,68,61,61,209,199,191,240,210,158,148,123,172,149,97
33,68,50,51,51,54,265,251,224,275,247,232,183,174,224,196,97
75,59,53,51,50,61,250,272,234,252,247,175,213,181,201,197,97
60,59,60,69,60,59,258,341,191,367,234,198,282,131,298,174,97
56,70,81,86,99,96,435,444,1440,482,285,379,374,1359,396,186,98
85,79,83,89,71,80,400,347,354,688,157,315,268,271,599,86,98
58,80,90,79,78,89,263,167,253,327,140,205,87,163,248,62,98
71,80,103,79,89,69,282,178,243,283,161,211,98,140,204,72,98
69,79,81,71,79,73,1691,129,589,410,165,1622,50,508,339,86,98
70,77,79,86,87,105,1089,198,326,528,191,1019,121,247,442,104,98
73,69,90,90,89,81,388,257,292,362,259,315,188,202,272,170,98
72,87,96,69,68,81,848,171,740,393,264,776,84,644,324,196,98
62,69,80,81,89,87,1434,206,259,351,262,1372,137,179,270,173,98
60,58,86,87,80,70,788,173,316,378,385,728,115,230,291,305,98
55,56,78,78,79,72,1008,187,275,329,198,953,131,197,251,119,98
74,79,89,88,95,80,322,183,176,243,184,248,104,87,155,89,98
81,97,71,71,87,88,313,402,611,326,174,232,305,540,255,87,98
61,70,69,73,87,60,400,185,164,412,219,339,115,95,339,132,98
52,80,82,73,79,69,246,134,176,261,168,194,54,94,188,89,98
74,89,73,70,78,63,286,192,220,244,207,212,103,147,174,129,98
57,76,77,89,88,70,280,227,272,294,226,223,151,195,205,138,98
67,103,77,49,63,96,249,503,1961,447,184,182,400,1884,398,121,98
69,64,72,88,78,81,301,158,200,286,182,232,94,128,198,104,98
52,69,52,88,70,72,274,167,225,328,199,222,98,173,240,129,98
60,60,43,50,42,66,244,232,178,259,184,184,172,135,209,142,99
70,78,73,40,53,54,291,428,817,73,206,221,350,744,33,153,99
81,40,41,36,77,49,285,267,182,510,228,204,227,141,474,151,99
71,67,58,41,59,71,214,218,159,115,215,143,151,101,74,156,99
81,67,65,32,56,50,247,228,194,104,197,166,161,129,72,141,99
74,61,56,60,59,58,240,456,364,160,202,166,395,308,100,143,99
82,52,57,43,73,84,248,246,217,119,239,166,194,160,76,166,99
91,37,63,56,65,76,280,216,225,217,208,189,179,162,161,143,99
65,58,47,39,68,51,243,264,323,158,216,178,206,276,119,148,99
71,52,69,55,42,50,423,301,314,348,193,352,249,245,293,151,99
93,58,57,51,54,46,228,216,158,150,194,135,158,101,99,140,99
74,50,67,42,68,67,241,227,182,75,228,167,177,115,33,160,99
60,58,47,30,87,68,227,254,194,153,211,167,196,147,123,124,99
64,56,55,40,77,76,251,244,180,93,193,187,188,125,53,116,99
92,45,29,36,76,84,275,242,158,178,235,183,197,129,142,159,99
77,18,47,44,68,63,258,249,161,104,222,181,231,114,60,154,99
77,41,68,52,64,96,267,249,179,103,223,190,208,111,51,159,99
80,48,59,70,58,73,310,295,539,294,174,230,247,480,224,116,99
81,43,67,55,40,63,240,202,189,139,206,159,159,122,84,166,99
65,51,36,50,59,62,230,396,409,480,198,165,345,373,430,139,99
36,30,45,42,46,46,608,544,689,504,538,572,514,644,462,492,100
34,57,46,53,45,33,413,424,854,416,370,379,367,808,363,325,100
51,50,65,28,46,30,320,317,659,350,342,269,267,594,322,296,100
44,32,60,59,46,36,365,346,523,345,318,321,314,463,286,272,100
54,53,61,15,45,13,343,299,535,335,302,289,246,474,320,257,100
36,54,80,47,36,20,333,325,437,337,341,297,271,357,290,305,100
29,56,70,36,43,62,298,313,459,361,274,269,257,389,325,231,100
55,36,71,52,45,45,346,307,488,324,294,291,271,417,272,249,100
29,51,53,37,60,55,352,351,385,293,331,323,300,332,256,271,100
57,89,46,45,55,10,269,286,303,240,286,212,197,257,195,231,100
54,54,70,16,48,34,262,226,322,229,605,208,172,252,213,557,100
37,75,70,55,52,47,231,246,293,235,241,194,171,223,180,189,100
36,45,72,45,55,64,325,232,345,276,267,289,187,273,231,212,100
35,47,70,56,62,79,342,259,576,294,258,307,212,506,238,196,100
40,60,85,43,12,45,373,317,460,342,335,333,257,375,299,323,100
20,39,89,44,40,72,343,276,454,314,252,323,237,365,270,212,100
27,63,90,38,61,80,359,257,428,294,241,332,194,338,256,180,100
30,37,80,30,21,44,321,232,412,284,277,291,195,332,254,256,100
31,54,88,21,54,62,328,259,436,269,283,297,205,348,248,229,100
37,39,87,37,62,45,342,268,444,284,275,305,229,357,247,213,100
88,94,102,116,116,124,792,1620,981,542,308,704,1526,879,426,192,101
74,99,120,86,123,113,945,941,349,331,361,871,842,229,245,238,101
102,109,135,90,86,95,1816,761,364,786,288,1714,652,229,696,202,101
71,83,139,107,117,97,581,550,362,359,288,510,467,223,252,171,101
84,96,133,117,111,129,383,619,233,304,190,299,523,100,187,79,101
108,91,153,106,74,132,726,629,200,399,150,618,538,47,293,76,101
94,112,107,115,117,118,600,634,148,240,127,506,522,41,125,10,101
83,95,124,113,122,142,310,557,144,230,155,227,462,20,117,33,101
105,73,123,115,102,126,514,624,141,551,178,409,551,18,436,76,101
93,82,127,110,92,116,459,866,257,664,317,366,784,130,554,225,101
91,85,157,86,68,143,447,566,213,460,134,356,481,56,374,66,101
84,102,139,94,108,144,548,799,420,337,242,464,697,281,243,134,101
100,102,146,143,121,161,483,818,230,309,204,383,716,84,166,83,101
102,93,138,92,105,125,676,955,286,303,258,574,862,148,211,153,101
88,92,121,56,45,125,678,525,365,408,144,590,433,244,352,99,101
92,99,127,97,110,145,946,601,219,283,157,854,502,92,186,47,101
111,96,131,106,75,144,465,470,186,543,150,354,374,55,437,75,101
101,110,123,116,95,132,647,616,194,326,124,546,506,71,210,29,101
100,89,152,108,92,142,648,480,157,322,112,548,391,5,214,20,101
114,95,149,105,95,93,435,538,198,341,137,321,443,49,236,42,101
54,56,56,73,48,72,171,192,159,384,119,117,136,103,311,71,102
37,58,79,67,64,73,189,128,149,342,134,152,70,70,275,70,102
77,62,80,57,64,65,206,258,490,200,168,129,196,410,143,104,102
51,64,64,63,56,63,213,201,267,191,194,162,137,203,128,138,102
64,39,73,56,63,64,267,191,408,210,158,203,152,335,154,95,102
63,63,97,71,22,47,225,166,433,325,217,162,103,336,254,195,102
64,66,81,80,73,64,176,317,135,407,159,112,251,54,327,86,102
67,72,39,56,72,73,246,159,358,191,159,179,87,319,135,87,102
54,73,89,90,66,56,175,150,425,194,242,121,77,336,104,176,102
63,73,57,82,89,72,208,165,301,185,176,145,92,244,103,87,102
72,64,87,63,48,63,258,236,440,215,127,186,172,353,152,79,102
81,65,56,72,56,64,239,143,335,191,135,158,78,279,119,79,102
64,79,90,97,73,90,225,198,418,225,134,161,119,328,128,61,102
62,79,80,71,82,81,159,157,233,200,143,97,78,153,129,61,102
64,80,91,90,73,74,186,183,332,193,160,122,103,241,103,87,102
73,74,71,64,81,72,185,161,373,159,176,112,87,302,95,95,102
70,73,64,82,72,72,206,151,217,192,125,136,78,153,110,53,102
42,65,48,65,106,81,154,151,167,533,590,112,86,119,468,484,102
63,56,91,110,64,71,208,598,269,225,636,145,542,178,115,572,102
63,72,39,80,55,80,160,191,151,268,267,97,119,112,188,212,102
106,94,129,144,111,110,397,1699,2001,1266,300,291,1605,1872,1122,189,103
114,112,95,111,112,111,269,334,300,300,266,155,222,205,189,154,103
112,111,112,111,146,62,267,283,250,283,334,155,172,138,172,188,103
112,110,96,128,129,128,300,283,217,283,250,188,173,121,155,121,103
111,95,78,112,112,111,282,284,149,284,267,171,189,71,172,155,103
112,95,78,111,128,94,267,267,200,300,283,155,172,122,189,155,103
111,95,79,110,128,110,283,266,234,283,384,172,171,155,173,256,103
95,112,78,127,129,111,266,284,200,300,283,171,172,122,173,154,103
111,92,79,111,146,111,285,264,200,283,300,174,172,121,172,154,103
94,95,79,127,129,111,266,250,234,299,367,172,155,155,172,238,103
111,111,95,112,162,130,300,466,467,350,432,189,355,372,238,270,103
111,95,79,110,129,95,316,283,351,316,283,205,188,272,206,154,103
95,115,95,145,111,128,263,287,216,351,249,168,172,121,206,138,103
128,111,79,127,144,110,266,283,184,317,333,138,172,105,190,189,103
95,111,79,128,129,111,300,299,217,317,367,205,188,138,189,238,103
78,112,79,110,112,78,282,284,250,333,283,204,172,171,223,171,103
95,111,95,127,112,110,251,282,284,283,267,156,171,189,156,155,103
95,128,79,110,128,128,267,266,234,283,266,172,138,155,173,138,103
111,111,78,111,112,111,250,300,183,266,234,139,189,105,155,122,103
112,115,78,111,112,130,213,271,216,267,250,101,156,138,156,138,103
63,102,68,75,59,62,196,1739,862,393,260,133,1637,794,318,201,104
60,78,59,86,96,72,243,1128,452,360,379,183,1050,393,274,283,104
73,102,85,68,83,60,209,203,1090,228,294,136,101,1005,160,211,104
83,92,77,60,93,104,229,409,255,169,295,146,317,178,109,202,104
86,70,69,68,96,62,203,162,213,136,280,117,92,144,68,184,104
75,58,59,76,86,76,213,152,194,152,257,138,94,135,76,171,104
90,90,69,70,86,78,219,176,211,137,237,129,86,142,67,151,104
83,87,70,68,84,85,193,179,213,171,278,110,92,143,103,194,104
75,77,85,76,69,78,194,170,203,144,237,119,93,118,68,168,104
70,79,78,79,71,78,178,171,194,137,228,108,92,116,58,157,104
65,103,104,84,103,77,176,177,666,193,280,111,74,562,109,177,104
57,74,69,77,76,67,228,184,212,128,626,171,110,143,51,550,104
85,120,84,96,53,79,680,312,277,362,177,595,192,193,266,124,104
76,94,77,77,52,61,418,212,262,302,179,342,118,185,225,127,104
114,68,80,77,52,69,217,169,213,245,171,103,101,133,168,119,104
74,86,78,88,61,79,197,195,228,254,152,123,109,150,166,91,104
75,97,94,95,68,71,190,173,211,232,168,115,76,117,137,100,104
87,77,80,93,60,68,222,201,198,254,153,135,124,118,161,93,104
92,92,86,77,60,70,503,193,212,221,145,411,101,126,144,85,104
89,95,94,92,61,68,202,172,229,301,146,113,77,135,209,85,104
42,50,55,56,47,43,811,940,1460,1079,889,769,890,1405,1023,842,105
46,53,69,33,55,44,1123,719,978,957,697,1077,666,909,924,642,105
42,59,55,64,54,59,736,414,700,292,357,694,355,645,228,303,105
47,51,54,51,55,45,539,365,487,288,370,492,314,433,237,315,105
55,62,54,69,48,43,579,602,485,621,373,524,540,431,552,325,105
40,51,54,62,54,50,591,398,461,358,530,551,347,407,296,476,105
51,52,49,62,54,52,600,520,438,342,453,549,468,389,280,399,105
52,54,54,63,51,57,540,619,389,314,373,488,565,335,251,322,105
60,67,54,54,47,37,620,431,452,341,369,560,364,398,287,322,105
52,53,54,57,54,54,668,550,424,450,451,616,497,370,393,397,105
54,51,61,50,40,53,638,382,629,870,380,584,331,568,820,340,105
56,64,61,60,49,62,517,480,460,445,398,461,416,399,385,349,105
53,50,56,59,63,55,546,419,373,338,292,493,369,317,279,229,105
45,46,61,47,61,49,532,385,465,422,353,487,339,404,375,292,105
59,53,46,58,64,64,566,428,345,301,311,507,375,299,243,247,105
58,56,54,62,64,46,564,384,276,290,294,506,328,222,228,230,105
53,44,65,56,54,56,492,391,325,303,248,439,347,260,247,194,105
53,61,54,56,55,55,451,357,267,277,259,398,296,213,221,204,105
53,72,62,60,63,44,425,384,329,247,270,372,312,267,187,207,105
48,53,60,54,55,39,623,384,417,290,283,575,331,357,236,228,105
128,102,62,104,122,96,273,1176,1424,394,353,145,1074,1362,290,231,106
60,82,100,87,101,122,294,358,340,255,264,234,276,240,168,163,106
98,122,124,84,128,103,285,265,317,293,276,187,143,193,209,148,106
116,103,113,81,102,74,261,300,700,218,249,145,197,587,137,147,106
142,115,126,96,105,112,698,418,849,305,273,556,303,723,209,168,106
126,152,178,142,151,140,348,358,717,272,346,222,206,539,130,195,106
113,114,138,130,142,94,247,303,419,277,240,134,189,281,147,98,106
138,136,125,122,114,112,276,306,516,224,300,138,170,391,102,186,106
99,90,162,113,132,121,269,268,460,259,290,170,178,298,146,158,106
133,127,109,94,125,106,446,461,410,208,182,313,334,301,114,57,106
64,106,95,90,107,93,181,183,301,189,164,117,77,206,99,57,106
82,83,85,82,92,94,191,153,407,183,171,109,70,322,101,79,106
84,67,93,74,75,94,192,194,354,201,145,108,127,261,127,70,106
84,67,95,72,114,82,210,144,282,190,195,126,77,187,118,81,106
90,84,77,98,84,73,225,182,404,202,231,135,98,327,104,147,106
69,91,94,94,89,104,208,150,192,202,173,139,59,98,108,84,106
79,111,94,74,104,97,267,197,348,200,173,188,86,254,126,69,106
125,82,92,66,104,106,262,155,220,190,163,137,73,128,124,59,106
104,98,84,113,83,68,201,222,192,279,264,97,124,108,166,181,106
10,105,76,76,85,75,115,211,173,231,135,105,106,97,155,50,106
98,115,98,105,73,90,190,259,216,224,208,92,144,118,119,135,107
57,90,82,90,65,82,166,216,216,241,207,109,126,134,151,142,107
91,98,81,99,73,74,216,233,208,232,224,125,135,127,133,151,107
82,90,73,73,90,89,224,258,545,215,267,142,168,472,142,177,107
80,107,74,89,74,82,239,282,309,248,241,159,175,235,159,167,107
90,74,74,82,116,98,232,241,216,224,250,142,167,142,142,134,107
90,115,90,115,98,98,232,283,224,249,266,142,168,134,134,168,107
41,88,81,98,132,105,210,264,199,249,359,169,176,118,151,227,107
71,78,82,116,149,65,200,229,241,324,420,129,151,159,208,271,107
98,100,89,106,64,98,207,268,207,553,240,109,168,118,447,176,107
74,107,88,98,107,98,200,268,272,266,412,126,161,184,168,305,107
65,99,57,106,116,82,241,283,217,314,374,176,184,160,208,258,107
89,122,81,81,72,81,267,330,275,292,323,178,208,194,211,251,107
66,89,86,115,138,132,241,268,305,283,247,175,179,219,168,109,107
65,98,98,114,65,124,174,225,225,248,183,109,127,127,134,118,107
82,90,74,99,90,115,225,241,216,241,266,143,151,142,142,176,107
74,141,81,114,81,114,183,300,242,281,225,109,159,161,167,144,107
56,106,91,114,98,120,199,265,234,274,269,143,159,143,160,171,107
67,123,107,115,89,98,219,330,291,283,266,152,207,184,168,177,107
72,74,73,98,91,123,256,275,232,249,275,184,201,159,151,184,107
68,65,57,56,65,74,362,585,368,208,251,294,520,311,152,186,108
56,57,72,65,65,49,282,245,207,209,217,226,188,135,144,152,108
56,65,66,54,65,49,150,242,197,130,225,94,177,131,76,160,108
65,53,65,57,66,56,564,447,167,167,227,499,394,102,110,161,108
56,74,56,49,57,49,124,285,200,142,217,68,211,144,93,160,108
38,58,58,60,65,56,131,209,168,176,209,93,151,110,116,144,108
64,65,65,60,57,56,140,276,332,228,227,76,211,267,168,170,108
65,64,48,57,67,48,227,467,158,175,244,162,403,110,118,177,108
65,74,63,66,66,48,241,680,189,178,233,176,606,126,112,167,108
66,40,48,48,31,57,193,218,300,293,225,127,178,252,245,194,108
64,57,40,41,56,65,216,234,192,210,217,152,177,152,169,161,108
65,66,57,41,40,63,200,284,201,268,219,135,218,144,227,179,108
40,74,57,49,74,66,233,260,200,142,226,193,186,143,93,152,108
58,76,64,49,74,57,151,244,166,125,209,93,168,102,76,135,108
75,51,74,57,75,65,209,184,193,133,226,134,133,119,76,151,108
58,32,57,58,66,40,211,234,184,183,226,153,202,127,125,160,108
48,65,66,58,66,57,141,217,150,126,209,93,152,84,68,143,108
56,52,56,57,65,57,1475,213,225,184,234,1419,161,169,127,169,108
65,45,56,48,83,57,989,190,209,141,234,924,145,153,93,151,108
57,65,74,58,74,57,175,200,192,167,226,118,135,118,109,152,108
128,106,98,124,112,107,404,625,532,1228,248,276,519,434,1104,136,109
123,89,82,82,115,123,241,398,417,484,1067,118,309,335,402,952,109
106,83,81,64,98,99,364,367,401,367,232,258,284,320,303,134,109
108,72,50,74,89,90,209,273,392,360,207,101,201,342,286,118,109
91,91,91,64,97,93,283,300,460,384,181,192,209,369,320,84,109
106,82,80,73,105,80,182,260,359,233,233,76,178,279,160,128,109
73,101,81,73,74,79,175,325,509,474,244,102,224,428,401,170,109
108,73,74,89,106,109,393,291,310,282,275,285,218,236,193,169,109
82,92,81,89,108,92,274,343,384,573,274,192,251,303,484,166,109
107,79,56,109,131,99,234,290,241,244,306,127,211,185,135,175,109
96,80,74,99,132,75,232,298,224,244,190,136,218,150,145,58,109
99,80,90,91,114,91,210,275,290,244,257,111,195,200,153,143,109
116,64,91,72,123,107,261,257,326,241,341,145,193,235,169,218,109
99,64,80,82,115,80,244,292,432,300,368,145,228,352,218,253,109
88,64,82,83,113,98,233,299,266,219,340,145,235,184,136,227,109
126,74,75,107,131,81,218,500,258,235,349,92,426,183,128,218,109
66,74,72,89,123,82,275,252,257,208,333,209,178,185,119,210,109
83,74,74,82,105,82,268,283,266,245,298,185,209,192,163,193,109
89,63,74,133,114,121,259,264,275,469,467,170,201,201,336,353,109
97,73,65,89,97,92,415,400,259,384,298,318,327,194,295,201,109
86,58,77,54,71,77,312,316,343,333,227,226,258,266,279,156,110
95,97,70,48,102,72,265,530,307,366,289,170,433,237,318,187,110
104,89,86,30,74,76,275,336,336,339,241,171,247,250,309,167,110
103,80,95,75,103,101,317,312,287,352,259,214,232,192,277,156,110
96,80,89,81,72,80,275,276,276,354,267,179,196,187,273,195,110
89,81,83,75,75,77,253,290,286,340,267,164,209,203,265,192,110
88,74,90,82,74,102,247,277,285,360,222,159,203,195,278,148,110
101,76,83,97,72,103,260,260,238,338,237,159,184,155,241,165,110
94,89,80,104,94,81,264,269,228,344,258,170,180,148,240,164,110
116,88,83,87,95,70,270,307,238,328,284,154,219,155,241,189,110
103,81,91,98,80,61,275,267,227,352,263,172,186,136,254,183,110
76,60,57,65,56,67,258,280,246,308,223,182,220,189,243,167,110
98,73,56,76,76,60,235,259,240,326,244,137,186,184,250,168,110
88,87,92,105,70,52,234,254,239,346,253,146,167,147,241,183,110
79,77,101,90,74,56,252,245,246,342,254,173,168,145,252,180,110
87,96,95,88,67,69,226,262,248,332,223,139,166,153,244,156,110
95,98,88,62,75,81,224,246,259,289,220,129,148,171,227,145,110
73,81,87,73,83,58,211,237,256,292,237,138,156,169,219,154,110
69,86,64,82,81,78,191,285,217,307,231,122,199,153,225,150,110
65,81,92,85,91,77,195,241,231,306,231,130,160,139,221,140,110
90,90,73,81,89,56,584,560,493,593,367,494,470,420,512,278,111
72,89,89,73,73,23,425,376,417,434,351,353,287,328,361,278,111
73,58,90,82,49,31,426,309,350,418,301,353,251,260,336,252,111
81,73,89,82,73,73,392,317,334,375,276,311,244,245,293,203,111
73,65,90,73,72,82,392,284,334,326,284,319,219,244,253,212,111
89,81,90,73,57,90,359,275,293,316,259,270,194,203,243,202,111
64,74,90,73,82,97,291,267,284,309,293,227,193,194,236,211,111
97,39,82,47,73,65,350,250,368,309,308,253,211,286,262,235,111
22,64,82,48,65,73,351,266,326,275,268,329,202,244,227,203,111
81,57,72,47,56,48,450,335,342,618,275,369,278,270,571,219,111
72,48,81,73,82,55,358,259,300,284,260,286,211,219,211,178,111
81,57,97,64,56,65,358,243,292,317,267,277,186,195,253,211,111
48,73,91,39,99,73,333,267,310,266,285,285,194,219,227,186,111
72,64,91,31,55,40,342,258,318,276,250,270,194,227,245,195,111
72,49,97,46,73,47,333,235,285,249,243,261,186,188,203,170,111
72,57,89,56,72,56,300,234,292,243,258,228,177,203,187,186,111
64,56,81,57,48,47,301,250,317,276,218,237,194,236,219,170,111
65,64,65,39,90,39,326,250,284,267,276,261,186,219,228,186,111
81,56,88,57,48,64,342,227,282,259,234,261,171,194,202,186,111
89,72,88,49,81,47,326,234,274,226,243,237,162,186,177,162,111
101,80,88,105,81,72,614,1052,576,567,368,513,972,488,462,287,112
112,79,84,95,87,47,283,989,340,266,308,171,910,256,171,221,112
116,81,88,95,107,61,150,518,453,222,304,34,437,365,127,197,112
91,114,90,97,82,54,287,549,578,224,261,196,435,488,127,179,112
108,88,82,98,68,82,235,542,235,898,365,127,454,153,800,297,112
120,70,75,105,71,63,233,455,336,435,267,113,385,261,330,196,112
129,97,106,106,88,79,248,442,426,335,310,119,345,320,229,222,112
106,97,107,97,90,64,219,340,453,208,275,113,243,346,111,185,112
89,71,75,107,88,48,152,263,244,177,283,63,192,169,70,195,112
88,88,64,97,74,79,158,250,276,183,378,70,162,212,86,304,112
85,78,73,101,83,92,483,323,268,190,191,398,245,195,89,108,112
121,105,89,96,91,72,164,250,285,190,210,43,145,196,94,119,112
85,92,80,105,72,89,197,260,259,241,209,112,168,179,136,137,112
112,91,108,104,81,74,172,359,254,165,191,60,268,146,61,110,112
113,97,76,96,81,67,139,225,561,157,192,26,128,485,61,111,112
103,99,94,90,65,70,213,322,196,208,162,110,223,102,118,97,112
116,98,73,99,91,80,134,217,442,192,210,18,119,369,93,119,112
120,70,68,73,90,72,149,803,129,185,200,29,733,61,112,110,112
99,81,66,99,83,66,135,237,447,257,209,36,156,381,158,126,112
112,102,78,89,65,73,173,730,306,216,193,61,628,228,127,128,112